data       hora     cotacao     variacao %      maximo      minimo      volume
3/05/2019 17:29	96.007,89	480,27	0,50	96.314,61	95.520,64	4.138.993
3/05/2019 17:23	96.007,89	480,27	0,50	96.314,61	95.520,64	4.138.993
3/05/2019 17:22	96.007,89	480,27	0,50	96.314,61	95.520,64	4.138.993
3/05/2019 17:21	96.007,89	480,27	0,50	96.314,61	95.520,64	4.138.993
3/05/2019 17:20	96.007,89	480,27	0,50	96.314,61	95.520,64	4.138.993
3/05/2019 17:19	96.007,89	480,27	0,50	96.314,61	95.520,64	4.138.993
3/05/2019 17:18	96.007,89	480,27	0,50	96.314,61	95.520,64	4.138.993
3/05/2019 17:17	96.007,89	480,27	0,50	96.314,61	95.520,64	4.138.993
3/05/2019 17:16	96.008,59	480,97	0,50	96.314,61	95.520,64	4.122.417
3/05/2019 17:15	96.008,59	480,97	0,50	96.314,61	95.520,64	4.122.417
3/05/2019 17:14	96.008,59	480,97	0,50	96.314,61	95.520,64	4.122.417
3/05/2019 17:13	96.008,59	480,97	0,50	96.314,61	95.520,64	4.122.417
3/05/2019 17:12	96.008,59	480,97	0,50	96.314,61	95.520,64	3.938.410
3/05/2019 17:11	96.069,83	542,21	0,57	96.314,61	95.520,64	3.904.767
3/05/2019 17:10	96.068,58	540,96	0,57	96.314,61	95.520,64	3.863.147
3/05/2019 17:09	96.084,73	557,11	0,58	96.314,61	95.520,64	3.474.933
3/05/2019 17:08	96.165,29	637,67	0,67	96.314,61	95.520,64	3.442.405
3/05/2019 17:07	96.175,92	648,30	0,68	96.314,61	95.520,64	3.283.316
3/05/2019 17:06	96.244,54	716,92	0,75	96.314,61	95.520,64	3.254.120
3/05/2019 17:05	96.248,96	721,34	0,76	96.314,61	95.520,64	3.249.491
3/05/2019 17:04	96.248,96	721,34	0,76	96.314,61	95.520,64	3.249.491
3/05/2019 17:03	96.248,96	721,34	0,76	96.314,61	95.520,64	3.249.491
3/05/2019 17:02	96.248,96	721,34	0,76	96.314,61	95.520,64	3.249.491
3/05/2019 17:01	96.248,96	721,34	0,76	96.314,61	95.520,64	3.249.491
3/05/2019 17:00	96.248,96	721,34	0,76	96.314,61	95.520,64	3.249.491
3/05/2019 16:59	96.248,96	721,34	0,76	96.314,61	95.520,64	3.249.491
3/05/2019 16:58	96.248,96	721,34	0,76	96.314,61	95.520,64	3.249.491
3/05/2019 16:57	96.248,96	721,34	0,76	96.314,61	95.520,64	3.249.491
3/05/2019 16:56	96.248,96	721,34	0,76	96.314,61	95.520,64	3.249.491
3/05/2019 16:55	96.248,96	721,34	0,76	96.314,61	95.520,64	3.249.491
3/05/2019 16:54	96.248,96	721,34	0,76	96.314,61	95.520,64	3.249.491
3/05/2019 16:53	96.248,96	721,34	0,76	96.314,61	95.520,64	3.249.491
3/05/2019 16:52	96.248,96	721,34	0,76	96.314,61	95.520,64	3.249.491
3/05/2019 16:51	96.248,96	721,34	0,76	96.314,61	95.520,64	3.249.491
3/05/2019 16:50	96.248,96	721,34	0,76	96.314,61	95.520,64	3.249.491
3/05/2019 16:49	96.278,81	751,19	0,79	96.314,61	95.520,64	3.229.775
3/05/2019 16:48	96.273,07	745,45	0,78	96.314,61	95.520,64	3.218.133
3/05/2019 16:47	96.270,32	742,70	0,78	96.314,61	95.520,64	3.204.001
3/05/2019 16:46	96.252,53	724,91	0,76	96.314,61	95.520,64	3.190.961
3/05/2019 16:45	96.253,64	726,02	0,76	96.314,61	95.520,64	3.178.447
3/05/2019 16:44	96.275,19	747,57	0,78	96.314,61	95.520,64	3.166.613
3/05/2019 16:43	96.301,11	773,49	0,81	96.314,61	95.520,64	3.154.400
3/05/2019 16:42	96.288,10	760,48	0,80	96.314,61	95.520,64	3.137.313
3/05/2019 16:41	96.259,31	731,69	0,77	96.314,61	95.520,64	3.125.463
3/05/2019 16:40	96.248,90	721,28	0,76	96.314,61	95.520,64	3.111.348
3/05/2019 16:39	96.273,67	746,05	0,78	96.314,61	95.520,64	3.101.736
3/05/2019 16:38	96.251,22	723,60	0,76	96.314,61	95.520,64	3.092.349
3/05/2019 16:37	96.254,99	727,37	0,76	96.314,61	95.520,64	3.077.516
3/05/2019 16:36	96.255,45	727,83	0,76	96.314,61	95.520,64	3.068.907
3/05/2019 16:35	96.240,52	712,90	0,75	96.314,61	95.520,64	3.048.204
3/05/2019 16:34	96.244,02	716,40	0,75	96.314,61	95.520,64	3.039.922
3/05/2019 16:33	96.223,23	695,61	0,73	96.314,61	95.520,64	3.027.963
3/05/2019 16:32	96.234,04	706,42	0,74	96.314,61	95.520,64	3.018.885
3/05/2019 16:31	96.228,53	700,91	0,73	96.314,61	95.520,64	3.012.517
3/05/2019 16:30	96.217,09	689,47	0,72	96.314,61	95.520,64	3.003.054
3/05/2019 16:29	96.248,68	721,06	0,75	96.314,61	95.520,64	2.990.919
3/05/2019 16:28	96.228,57	700,95	0,73	96.314,61	95.520,64	2.982.731
3/05/2019 16:27	96.240,31	712,69	0,75	96.314,61	95.520,64	2.972.492
3/05/2019 16:26	96.222,73	695,11	0,73	96.314,61	95.520,64	2.966.047
3/05/2019 16:25	96.202,50	674,88	0,71	96.314,61	95.520,64	2.958.589
3/05/2019 16:24	96.212,29	684,67	0,72	96.314,61	95.520,64	2.952.147
3/05/2019 16:23	96.203,65	676,03	0,71	96.314,61	95.520,64	2.947.400
3/05/2019 16:22	96.186,11	658,49	0,69	96.314,61	95.520,64	2.943.035
3/05/2019 16:21	96.193,73	666,11	0,70	96.314,61	95.520,64	2.937.325
3/05/2019 16:20	96.184,44	656,82	0,69	96.314,61	95.520,64	2.929.019
3/05/2019 16:19	96.202,45	674,83	0,71	96.314,61	95.520,64	2.923.505
3/05/2019 16:18	96.203,84	676,22	0,71	96.314,61	95.520,64	2.918.056
3/05/2019 16:17	96.202,63	675,01	0,71	96.314,61	95.520,64	2.912.604
3/05/2019 16:16	96.184,95	657,33	0,69	96.314,61	95.520,64	2.906.343
3/05/2019 16:15	96.173,40	645,78	0,68	96.314,61	95.520,64	2.901.244
3/05/2019 16:14	96.190,52	662,90	0,69	96.314,61	95.520,64	2.895.299
3/05/2019 16:13	96.176,48	648,86	0,68	96.314,61	95.520,64	2.887.200
3/05/2019 16:12	96.183,35	655,73	0,69	96.314,61	95.520,64	2.875.785
3/05/2019 16:11	96.203,04	675,42	0,71	96.314,61	95.520,64	2.868.649
3/05/2019 16:10	96.197,52	669,90	0,70	96.314,61	95.520,64	2.863.985
3/05/2019 16:09	96.189,77	662,15	0,69	96.314,61	95.520,64	2.858.956
3/05/2019 16:08	96.180,45	652,83	0,68	96.314,61	95.520,64	2.853.573
3/05/2019 16:07	96.198,88	671,26	0,70	96.314,61	95.520,64	2.848.646
3/05/2019 16:06	96.170,53	642,91	0,67	96.314,61	95.520,64	2.844.568
3/05/2019 16:05	96.168,69	641,07	0,67	96.314,61	95.520,64	2.838.891
3/05/2019 16:04	96.150,81	623,19	0,65	96.314,61	95.520,64	2.832.297
3/05/2019 16:03	96.165,84	638,22	0,67	96.314,61	95.520,64	2.827.605
3/05/2019 16:02	96.167,21	639,59	0,67	96.314,61	95.520,64	2.822.609
3/05/2019 16:01	96.165,92	638,30	0,67	96.314,61	95.520,64	2.817.263
3/05/2019 16:00	96.204,73	677,11	0,71	96.314,61	95.520,64	2.807.428
3/05/2019 15:59	96.212,84	685,22	0,72	96.314,61	95.520,64	2.801.822
3/05/2019 15:58	96.197,81	670,19	0,70	96.314,61	95.520,64	2.796.264
3/05/2019 15:57	96.192,77	665,15	0,70	96.314,61	95.520,64	2.788.567
3/05/2019 15:56	96.196,62	669,00	0,70	96.314,61	95.520,64	2.780.576
3/05/2019 15:55	96.196,24	668,62	0,70	96.314,61	95.520,64	2.772.468
3/05/2019 15:54	96.160,19	632,57	0,66	96.314,61	95.520,64	2.766.203
3/05/2019 15:53	96.180,77	653,15	0,68	96.314,61	95.520,64	2.760.084
3/05/2019 15:52	96.216,84	689,22	0,72	96.314,61	95.520,64	2.755.165
3/05/2019 15:51	96.215,77	688,15	0,72	96.314,61	95.520,64	2.749.086
3/05/2019 15:50	96.213,88	686,26	0,72	96.314,61	95.520,64	2.740.478
3/05/2019 15:49	96.197,73	670,11	0,70	96.314,61	95.520,64	2.736.224
3/05/2019 15:48	96.177,90	650,28	0,68	96.314,61	95.520,64	2.729.614
3/05/2019 15:47	96.169,20	641,58	0,67	96.314,61	95.520,64	2.723.609
3/05/2019 15:46	96.165,50	637,88	0,67	96.314,61	95.520,64	2.717.400
3/05/2019 15:45	96.154,62	627,00	0,66	96.314,61	95.520,64	2.711.260
3/05/2019 15:44	96.147,30	619,68	0,65	96.314,61	95.520,64	2.703.727
3/05/2019 15:43	96.151,05	623,43	0,65	96.314,61	95.520,64	2.698.053
3/05/2019 15:42	96.129,60	601,98	0,63	96.314,61	95.520,64	2.694.641
3/05/2019 15:41	96.137,88	610,26	0,64	96.314,61	95.520,64	2.689.711
3/05/2019 15:40	96.135,24	607,62	0,64	96.314,61	95.520,64	2.684.696
3/05/2019 15:39	96.145,82	618,20	0,65	96.314,61	95.520,64	2.679.834
3/05/2019 15:38	96.139,99	612,37	0,64	96.314,61	95.520,64	2.672.880
3/05/2019 15:37	96.127,34	599,72	0,63	96.314,61	95.520,64	2.668.077
3/05/2019 15:36	96.086,16	558,54	0,58	96.314,61	95.520,64	2.662.363
3/05/2019 15:35	96.091,09	563,47	0,59	96.314,61	95.520,64	2.655.132
3/05/2019 15:34	96.112,21	584,59	0,61	96.314,61	95.520,64	2.649.560
3/05/2019 15:33	96.119,78	592,16	0,62	96.314,61	95.520,64	2.640.694
3/05/2019 15:32	96.133,35	605,73	0,63	96.314,61	95.520,64	2.637.144
3/05/2019 15:31	96.134,57	606,95	0,64	96.314,61	95.520,64	2.629.586
3/05/2019 15:30	96.134,64	607,02	0,64	96.314,61	95.520,64	2.623.480
3/05/2019 15:29	96.129,20	601,58	0,63	96.314,61	95.520,64	2.613.472
3/05/2019 15:28	96.160,52	632,90	0,66	96.314,61	95.520,64	2.605.036
3/05/2019 15:27	96.168,19	640,57	0,67	96.314,61	95.520,64	2.599.516
3/05/2019 15:26	96.169,87	642,25	0,67	96.314,61	95.520,64	2.590.631
3/05/2019 15:25	96.161,49	633,87	0,66	96.314,61	95.520,64	2.584.144
3/05/2019 15:24	96.209,21	681,59	0,71	96.314,61	95.520,64	2.580.079
3/05/2019 15:23	96.196,53	668,91	0,70	96.314,61	95.520,64	2.576.446
3/05/2019 15:22	96.195,05	667,43	0,70	96.314,61	95.520,64	2.572.144
3/05/2019 15:21	96.195,24	667,62	0,70	96.314,61	95.520,64	2.567.351
3/05/2019 15:20	96.170,04	642,42	0,67	96.314,61	95.520,64	2.562.100
3/05/2019 15:19	96.192,21	664,59	0,70	96.314,61	95.520,64	2.555.177
3/05/2019 15:18	96.173,75	646,13	0,68	96.314,61	95.520,64	2.550.376
3/05/2019 15:17	96.155,00	627,38	0,66	96.314,61	95.520,64	2.545.032
3/05/2019 15:16	96.139,15	611,53	0,64	96.314,61	95.520,64	2.541.492
3/05/2019 15:15	96.142,55	614,93	0,64	96.314,61	95.520,64	2.533.059
3/05/2019 15:14	96.141,77	614,15	0,64	96.314,61	95.520,64	2.527.111
3/05/2019 15:13	96.142,62	615,00	0,64	96.314,61	95.520,64	2.520.539
3/05/2019 15:12	96.145,31	617,69	0,65	96.314,61	95.520,64	2.513.512
3/05/2019 15:11	96.159,09	631,47	0,66	96.314,61	95.520,64	2.502.842
3/05/2019 15:10	96.208,21	680,59	0,71	96.314,61	95.520,64	2.492.780
3/05/2019 15:09	96.228,14	700,52	0,73	96.314,61	95.520,64	2.486.021
3/05/2019 15:08	96.244,76	717,14	0,75	96.314,61	95.520,64	2.475.234
3/05/2019 15:07	96.253,22	725,60	0,76	96.314,61	95.520,64	2.468.292
3/05/2019 15:06	96.252,11	724,49	0,76	96.314,61	95.520,64	2.462.782
3/05/2019 15:05	96.270,13	742,51	0,78	96.314,61	95.520,64	2.458.007
3/05/2019 15:04	96.276,41	748,79	0,78	96.314,61	95.520,64	2.452.596
3/05/2019 15:03	96.282,56	754,94	0,79	96.314,61	95.520,64	2.446.468
3/05/2019 15:02	96.273,59	745,97	0,78	96.314,61	95.520,64	2.436.343
3/05/2019 15:01	96.278,84	751,22	0,79	96.314,61	95.520,64	2.424.992
3/05/2019 15:00	96.276,42	748,80	0,78	96.314,61	95.520,64	2.419.289
3/05/2019 14:59	96.274,35	746,73	0,78	96.314,61	95.520,64	2.414.433
3/05/2019 14:58	96.283,89	756,27	0,79	96.314,61	95.520,64	2.409.337
3/05/2019 14:57	96.286,86	759,24	0,79	96.314,61	95.520,64	2.404.093
3/05/2019 14:56	96.278,26	750,64	0,79	96.314,61	95.520,64	2.399.365
3/05/2019 14:55	96.282,45	754,83	0,79	96.314,61	95.520,64	2.396.337
3/05/2019 14:54	96.284,75	757,13	0,79	96.314,61	95.520,64	2.392.570
3/05/2019 14:53	96.275,50	747,88	0,78	96.314,61	95.520,64	2.387.465
3/05/2019 14:52	96.291,87	764,25	0,80	96.314,61	95.520,64	2.380.003
3/05/2019 14:51	96.260,15	732,53	0,77	96.314,61	95.520,64	2.376.055
3/05/2019 14:50	96.242,62	715,00	0,75	96.314,61	95.520,64	2.373.502
3/05/2019 14:49	96.256,11	728,49	0,76	96.314,61	95.520,64	2.369.071
3/05/2019 14:48	96.215,72	688,10	0,72	96.314,61	95.520,64	2.363.332
3/05/2019 14:47	96.229,97	702,35	0,74	96.314,61	95.520,64	2.355.130
3/05/2019 14:46	96.231,94	704,32	0,74	96.314,61	95.520,64	2.350.508
3/05/2019 14:45	96.241,83	714,21	0,75	96.314,61	95.520,64	2.341.505
3/05/2019 14:44	96.284,62	757,00	0,79	96.314,61	95.520,64	2.334.856
3/05/2019 14:43	96.265,41	737,79	0,77	96.314,61	95.520,64	2.331.808
3/05/2019 14:42	96.278,61	750,99	0,79	96.314,61	95.520,64	2.325.982
3/05/2019 14:41	96.271,63	744,01	0,78	96.314,61	95.520,64	2.321.917
3/05/2019 14:40	96.265,74	738,12	0,77	96.314,61	95.520,64	2.315.772
3/05/2019 14:39	96.268,30	740,68	0,78	96.314,61	95.520,64	2.312.381
3/05/2019 14:38	96.289,25	761,63	0,80	96.314,61	95.520,64	2.308.210
3/05/2019 14:37	96.294,75	767,13	0,80	96.314,61	95.520,64	2.303.886
3/05/2019 14:36	96.301,08	773,46	0,81	96.314,61	95.520,64	2.299.160
3/05/2019 14:35	96.300,32	772,70	0,81	96.314,61	95.520,64	2.290.533
3/05/2019 14:34	96.292,45	764,83	0,80	96.314,61	95.520,64	2.287.022
3/05/2019 14:33	96.298,51	770,89	0,81	96.314,61	95.520,64	2.282.435
3/05/2019 14:32	96.286,12	758,50	0,79	96.314,61	95.520,64	2.276.951
3/05/2019 14:31	96.307,72	780,10	0,82	96.314,61	95.520,64	2.272.384
3/05/2019 14:30	96.298,07	770,45	0,81	96.314,61	95.520,64	2.268.928
3/05/2019 14:29	96.306,23	778,61	0,82	96.314,61	95.520,64	2.261.132
3/05/2019 14:28	96.275,98	748,36	0,78	96.314,61	95.520,64	2.255.720
3/05/2019 14:27	96.292,95	765,33	0,80	96.314,61	95.520,64	2.252.587
3/05/2019 14:26	96.277,35	749,73	0,78	96.314,61	95.520,64	2.248.463
3/05/2019 14:25	96.270,32	742,70	0,78	96.314,61	95.520,64	2.244.739
3/05/2019 14:24	96.279,52	751,90	0,79	96.314,61	95.520,64	2.241.067
3/05/2019 14:23	96.270,90	743,28	0,78	96.314,61	95.520,64	2.237.944
3/05/2019 14:22	96.268,65	741,03	0,78	96.314,61	95.520,64	2.235.798
3/05/2019 14:21	96.262,67	735,05	0,77	96.314,61	95.520,64	2.229.843
3/05/2019 14:20	96.264,83	737,21	0,77	96.314,61	95.520,64	2.224.979
3/05/2019 14:19	96.268,19	740,57	0,78	96.314,61	95.520,64	2.218.996
3/05/2019 14:18	96.293,53	765,91	0,80	96.314,61	95.520,64	2.213.272
3/05/2019 14:17	96.287,73	760,11	0,80	96.304,27	95.520,64	2.205.323
3/05/2019 14:16	96.297,71	770,09	0,81	96.304,27	95.520,64	2.198.122
3/05/2019 14:15	96.286,73	759,11	0,79	96.304,27	95.520,64	2.192.840
3/05/2019 14:14	96.262,59	734,97	0,77	96.304,27	95.520,64	2.188.025
3/05/2019 14:13	96.253,83	726,21	0,76	96.304,27	95.520,64	2.183.756
3/05/2019 14:12	96.244,44	716,82	0,75	96.304,27	95.520,64	2.178.311
3/05/2019 14:11	96.235,60	707,98	0,74	96.304,27	95.520,64	2.172.785
3/05/2019 14:10	96.225,68	698,06	0,73	96.304,27	95.520,64	2.161.404
3/05/2019 14:09	96.208,82	681,20	0,71	96.304,27	95.520,64	2.156.598
3/05/2019 14:08	96.225,88	698,26	0,73	96.304,27	95.520,64	2.153.216
3/05/2019 14:07	96.224,24	696,62	0,73	96.304,27	95.520,64	2.146.272
3/05/2019 14:06	96.218,16	690,54	0,72	96.304,27	95.520,64	2.142.516
3/05/2019 14:05	96.217,21	689,59	0,72	96.304,27	95.520,64	2.133.104
3/05/2019 14:04	96.202,25	674,63	0,71	96.304,27	95.520,64	2.129.787
3/05/2019 14:03	96.214,88	687,26	0,72	96.304,27	95.520,64	2.123.188
3/05/2019 14:02	96.201,61	673,99	0,71	96.304,27	95.520,64	2.117.466
3/05/2019 14:01	96.188,22	660,60	0,69	96.304,27	95.520,64	2.112.993
3/05/2019 14:00	96.213,42	685,80	0,72	96.304,27	95.520,64	2.106.489
3/05/2019 13:59	96.227,88	700,26	0,73	96.304,27	95.520,64	2.100.660
3/05/2019 13:58	96.219,15	691,53	0,72	96.304,27	95.520,64	2.096.193
3/05/2019 13:57	96.213,91	686,29	0,72	96.304,27	95.520,64	2.092.505
3/05/2019 13:56	96.209,34	681,72	0,71	96.304,27	95.520,64	2.089.218
3/05/2019 13:55	96.215,12	687,50	0,72	96.304,27	95.520,64	2.084.336
3/05/2019 13:54	96.213,92	686,30	0,72	96.304,27	95.520,64	2.078.922
3/05/2019 13:53	96.251,80	724,18	0,76	96.304,27	95.520,64	2.071.348
3/05/2019 13:52	96.253,58	725,96	0,76	96.304,27	95.520,64	2.059.342
3/05/2019 13:51	96.246,56	718,94	0,75	96.304,27	95.520,64	2.055.274
3/05/2019 13:50	96.240,88	713,26	0,75	96.304,27	95.520,64	2.051.110
3/05/2019 13:49	96.210,51	682,89	0,71	96.304,27	95.520,64	2.045.430
3/05/2019 13:48	96.227,85	700,23	0,73	96.304,27	95.520,64	2.041.260
3/05/2019 13:47	96.230,09	702,47	0,74	96.304,27	95.520,64	2.036.564
3/05/2019 13:46	96.219,51	691,89	0,72	96.304,27	95.520,64	2.033.051
3/05/2019 13:45	96.228,52	700,90	0,73	96.304,27	95.520,64	1.996.954
3/05/2019 13:44	96.251,00	723,38	0,76	96.304,27	95.520,64	1.991.305
3/05/2019 13:43	96.246,80	719,18	0,75	96.304,27	95.520,64	1.982.542
3/05/2019 13:42	96.234,86	707,24	0,74	96.304,27	95.520,64	1.978.375
3/05/2019 13:41	96.233,82	706,20	0,74	96.304,27	95.520,64	1.974.864
3/05/2019 13:40	96.222,52	694,90	0,73	96.304,27	95.520,64	1.971.088
3/05/2019 13:39	96.237,62	710,00	0,74	96.304,27	95.520,64	1.966.282
3/05/2019 13:38	96.238,09	710,47	0,74	96.304,27	95.520,64	1.961.089
3/05/2019 13:37	96.228,05	700,43	0,73	96.304,27	95.520,64	1.957.133
3/05/2019 13:36	96.245,90	718,28	0,75	96.304,27	95.520,64	1.954.588
3/05/2019 13:35	96.267,10	739,48	0,77	96.304,27	95.520,64	1.891.787
3/05/2019 13:34	96.258,34	730,72	0,76	96.304,27	95.520,64	1.889.279
3/05/2019 13:33	96.251,91	724,29	0,76	96.304,27	95.520,64	1.882.668
3/05/2019 13:32	96.242,99	715,37	0,75	96.304,27	95.520,64	1.875.670
3/05/2019 13:31	96.292,74	765,12	0,80	96.304,27	95.520,64	1.869.110
3/05/2019 13:30	96.304,27	776,65	0,81	96.304,27	95.520,64	1.861.099
3/05/2019 13:29	96.284,81	757,19	0,79	96.298,33	95.520,64	1.856.975
3/05/2019 13:28	96.280,54	752,92	0,79	96.298,33	95.520,64	1.847.498
3/05/2019 13:27	96.259,28	731,66	0,77	96.298,33	95.520,64	1.842.743
3/05/2019 13:26	96.245,85	718,23	0,75	96.298,33	95.520,64	1.839.133
3/05/2019 13:25	96.216,90	689,28	0,72	96.298,33	95.520,64	1.832.658
3/05/2019 13:24	96.240,04	712,42	0,75	96.298,33	95.520,64	1.828.984
3/05/2019 13:23	96.232,15	704,53	0,74	96.298,33	95.520,64	1.815.035
3/05/2019 13:22	96.237,35	709,73	0,74	96.298,33	95.520,64	1.812.034
3/05/2019 13:21	96.230,50	702,88	0,74	96.298,33	95.520,64	1.808.571
3/05/2019 13:20	96.229,93	702,31	0,74	96.298,33	95.520,64	1.799.814
3/05/2019 13:19	96.237,30	709,68	0,74	96.298,33	95.520,64	1.797.061
3/05/2019 13:18	96.226,16	698,54	0,73	96.298,33	95.520,64	1.793.463
3/05/2019 13:17	96.230,26	702,64	0,74	96.298,33	95.520,64	1.789.305
3/05/2019 13:16	96.220,60	692,98	0,73	96.298,33	95.520,64	1.781.697
3/05/2019 13:15	96.253,00	725,38	0,76	96.298,33	95.520,64	1.774.028
3/05/2019 13:14	96.237,20	709,58	0,74	96.298,33	95.520,64	1.769.827
3/05/2019 13:13	96.225,07	697,45	0,73	96.298,33	95.520,64	1.753.612
3/05/2019 13:12	96.245,56	717,94	0,75	96.298,33	95.520,64	1.750.286
3/05/2019 13:11	96.241,57	713,95	0,75	96.298,33	95.520,64	1.747.099
3/05/2019 13:10	96.241,78	714,16	0,75	96.298,33	95.520,64	1.743.253
3/05/2019 13:09	96.254,94	727,32	0,76	96.298,33	95.520,64	1.738.916
3/05/2019 13:08	96.271,56	743,94	0,78	96.298,33	95.520,64	1.735.312
3/05/2019 13:07	96.257,15	729,53	0,76	96.298,33	95.520,64	1.730.644
3/05/2019 13:06	96.289,38	761,76	0,80	96.298,33	95.520,64	1.727.914
3/05/2019 13:05	96.282,89	755,27	0,79	96.298,33	95.520,64	1.718.046
3/05/2019 13:04	96.253,28	725,66	0,76	96.298,33	95.520,64	1.713.503
3/05/2019 13:03	96.241,24	713,62	0,75	96.298,33	95.520,64	1.707.691
3/05/2019 13:02	96.228,73	701,11	0,73	96.298,33	95.520,64	1.702.278
3/05/2019 13:01	96.227,50	699,88	0,73	96.298,33	95.520,64	1.690.194
3/05/2019 13:00	96.246,48	718,86	0,75	96.298,33	95.520,64	1.683.615
3/05/2019 12:59	96.258,81	731,19	0,77	96.298,33	95.520,64	1.679.760
3/05/2019 12:58	96.264,09	736,47	0,77	96.298,33	95.520,64	1.675.512
3/05/2019 12:57	96.254,42	726,80	0,76	96.298,33	95.520,64	1.667.784
3/05/2019 12:56	96.259,35	731,73	0,77	96.298,33	95.520,64	1.662.692
3/05/2019 12:55	96.226,94	699,32	0,73	96.298,33	95.520,64	1.654.133
3/05/2019 12:54	96.193,46	665,84	0,70	96.298,33	95.520,64	1.650.515
3/05/2019 12:53	96.176,29	648,67	0,68	96.298,33	95.520,64	1.645.799
3/05/2019 12:52	96.163,26	635,64	0,67	96.298,33	95.520,64	1.642.327
3/05/2019 12:51	96.152,32	624,70	0,65	96.298,33	95.520,64	1.634.250
3/05/2019 12:50	96.134,10	606,48	0,63	96.298,33	95.520,64	1.626.294
3/05/2019 12:49	96.147,59	619,97	0,65	96.298,33	95.520,64	1.618.452
3/05/2019 12:48	96.188,02	660,40	0,69	96.298,33	95.520,64	1.615.064
3/05/2019 12:47	96.189,17	661,55	0,69	96.298,33	95.520,64	1.608.860
3/05/2019 12:46	96.190,41	662,79	0,69	96.298,33	95.520,64	1.604.036
3/05/2019 12:45	96.220,39	692,77	0,73	96.298,33	95.520,64	1.598.351
3/05/2019 12:44	96.166,05	638,43	0,67	96.298,33	95.520,64	1.589.239
3/05/2019 12:43	96.168,61	640,99	0,67	96.298,33	95.520,64	1.583.656
3/05/2019 12:42	96.135,73	608,11	0,64	96.298,33	95.520,64	1.576.328
3/05/2019 12:41	96.172,13	644,51	0,67	96.298,33	95.520,64	1.571.318
3/05/2019 12:40	96.136,34	608,72	0,64	96.298,33	95.520,64	1.561.842
3/05/2019 12:39	96.123,76	596,14	0,62	96.298,33	95.520,64	1.553.550
3/05/2019 12:38	96.167,57	639,95	0,67	96.298,33	95.520,64	1.543.778
3/05/2019 12:37	96.184,86	657,24	0,69	96.298,33	95.520,64	1.535.680
3/05/2019 12:36	96.173,38	645,76	0,68	96.298,33	95.520,64	1.530.573
3/05/2019 12:35	96.172,55	644,93	0,68	96.298,33	95.520,64	1.526.654
3/05/2019 12:34	96.199,83	672,21	0,70	96.298,33	95.520,64	1.519.237
3/05/2019 12:33	96.173,72	646,10	0,68	96.298,33	95.520,64	1.514.269
3/05/2019 12:32	96.134,94	607,32	0,64	96.298,33	95.520,64	1.508.370
3/05/2019 12:31	96.163,59	635,97	0,67	96.298,33	95.520,64	1.501.291
3/05/2019 12:30	96.160,78	633,16	0,66	96.298,33	95.520,64	1.491.744
3/05/2019 12:29	96.144,80	617,18	0,65	96.298,33	95.520,64	1.483.872
3/05/2019 12:28	96.133,31	605,69	0,63	96.298,33	95.520,64	1.479.029
3/05/2019 12:27	96.151,05	623,43	0,65	96.298,33	95.520,64	1.471.048
3/05/2019 12:26	96.167,76	640,14	0,67	96.298,33	95.520,64	1.464.051
3/05/2019 12:25	96.152,42	624,80	0,65	96.298,33	95.520,64	1.456.380
3/05/2019 12:24	96.106,22	578,60	0,61	96.298,33	95.520,64	1.449.917
3/05/2019 12:23	96.125,75	598,13	0,63	96.298,33	95.520,64	1.438.790
3/05/2019 12:22	96.137,12	609,50	0,64	96.298,33	95.520,64	1.432.030
3/05/2019 12:21	96.160,43	632,81	0,66	96.298,33	95.520,64	1.425.951
3/05/2019 12:20	96.156,85	629,23	0,66	96.298,33	95.520,64	1.417.566
3/05/2019 12:19	96.192,92	665,30	0,70	96.298,33	95.520,64	1.412.379
3/05/2019 12:18	96.206,61	678,99	0,71	96.298,33	95.520,64	1.403.949
3/05/2019 12:17	96.231,03	703,41	0,74	96.298,33	95.520,64	1.394.876
3/05/2019 12:16	96.241,67	714,05	0,75	96.298,33	95.520,64	1.385.858
3/05/2019 12:15	96.250,49	722,87	0,76	96.298,33	95.520,64	1.378.587
3/05/2019 12:14	96.259,16	731,54	0,77	96.298,33	95.520,64	1.370.303
3/05/2019 12:13	96.227,17	699,55	0,73	96.298,33	95.520,64	1.365.682
3/05/2019 12:12	96.226,06	698,44	0,73	96.298,33	95.520,64	1.360.627
3/05/2019 12:11	96.252,24	724,62	0,76	96.298,33	95.520,64	1.313.825
3/05/2019 12:10	96.249,62	722,00	0,76	96.298,33	95.520,64	1.308.890
3/05/2019 12:09	96.250,89	723,27	0,76	96.298,33	95.520,64	1.293.607
3/05/2019 12:08	96.278,46	750,84	0,79	96.298,33	95.520,64	1.279.049
3/05/2019 12:07	96.285,56	757,94	0,79	96.298,33	95.520,64	1.269.795
3/05/2019 12:06	96.286,30	758,68	0,79	96.298,33	95.520,64	1.262.372
3/05/2019 12:05	96.298,33	770,71	0,81	96.298,33	95.520,64	1.257.275
3/05/2019 12:04	96.286,26	758,64	0,79	96.295,02	95.520,64	1.249.403
3/05/2019 12:03	96.276,38	748,76	0,78	96.295,02	95.520,64	1.238.495
3/05/2019 12:02	96.292,84	765,22	0,80	96.292,84	95.520,64	1.227.707
3/05/2019 12:01	96.232,36	704,74	0,74	96.287,35	95.520,64	1.222.313
3/05/2019 12:00	96.224,44	696,82	0,73	96.287,35	95.520,64	1.216.409
3/05/2019 11:59	96.195,08	667,46	0,70	96.287,35	95.520,64	1.210.430
3/05/2019 11:58	96.192,76	665,14	0,70	96.287,35	95.520,64	1.205.187
3/05/2019 11:57	96.179,55	651,93	0,68	96.287,35	95.520,64	1.186.043
3/05/2019 11:56	96.194,27	666,65	0,70	96.287,35	95.520,64	1.182.024
3/05/2019 11:55	96.223,01	695,39	0,73	96.287,35	95.520,64	1.171.058
3/05/2019 11:54	96.236,35	708,73	0,74	96.287,35	95.520,64	1.160.024
3/05/2019 11:53	96.214,21	686,59	0,72	96.287,35	95.520,64	1.152.306
3/05/2019 11:52	96.190,35	662,73	0,69	96.287,35	95.520,64	1.146.244
3/05/2019 11:51	96.212,10	684,48	0,72	96.287,35	95.520,64	1.141.231
3/05/2019 11:50	96.228,61	700,99	0,73	96.287,35	95.520,64	1.133.691
3/05/2019 11:49	96.222,14	694,52	0,73	96.287,35	95.520,64	1.127.030
3/05/2019 11:48	96.269,83	742,21	0,78	96.287,35	95.520,64	1.120.726
3/05/2019 11:47	96.287,35	759,73	0,80	96.287,35	95.520,64	1.116.444
3/05/2019 11:46	96.241,08	713,46	0,75	96.284,61	95.520,64	1.109.812
3/05/2019 11:45	96.255,40	727,78	0,76	96.284,61	95.520,64	1.100.509
3/05/2019 11:44	96.283,36	755,74	0,79	96.284,61	95.520,64	1.086.520
3/05/2019 11:43	96.280,44	752,82	0,79	96.284,61	95.520,64	1.073.950
3/05/2019 11:42	96.232,52	704,90	0,74	96.232,52	95.520,64	1.058.050
3/05/2019 11:41	96.209,01	681,39	0,71	96.230,94	95.520,64	1.049.622
3/05/2019 11:40	96.206,17	678,55	0,71	96.230,94	95.520,64	1.029.769
3/05/2019 11:39	96.180,97	653,35	0,68	96.230,94	95.520,64	1.016.405
3/05/2019 11:38	96.190,57	662,95	0,69	96.230,94	95.520,64	1.011.006
3/05/2019 11:37	96.167,36	639,74	0,67	96.230,94	95.520,64	1.004.890
3/05/2019 11:36	96.150,73	623,11	0,65	96.230,94	95.520,64	990.758
3/05/2019 11:35	96.179,11	651,49	0,68	96.230,94	95.520,64	976.948
3/05/2019 11:34	96.176,56	648,94	0,68	96.230,94	95.520,64	967.441
3/05/2019 11:33	96.154,84	627,22	0,66	96.230,94	95.520,64	955.493
3/05/2019 11:32	96.159,97	632,35	0,66	96.230,94	95.520,64	934.061
3/05/2019 11:31	96.220,98	693,36	0,73	96.230,94	95.520,64	925.507
3/05/2019 11:30	96.213,18	685,56	0,72	96.230,94	95.520,64	907.584
3/05/2019 11:29	96.203,83	676,21	0,71	96.230,94	95.520,64	900.127
3/05/2019 11:28	96.198,96	671,34	0,70	96.230,94	95.520,64	885.576
3/05/2019 11:27	96.146,48	618,86	0,65	96.230,94	95.520,64	874.418
3/05/2019 11:26	96.119,01	591,39	0,62	96.230,94	95.520,64	867.538
3/05/2019 11:25	96.085,84	558,22	0,58	96.230,94	95.520,64	857.012
3/05/2019 11:24	96.086,71	559,09	0,59	96.230,94	95.520,64	850.416
3/05/2019 11:23	96.108,01	580,39	0,61	96.230,94	95.520,64	844.719
3/05/2019 11:22	96.113,67	586,05	0,61	96.230,94	95.520,64	839.930
3/05/2019 11:21	96.107,78	580,16	0,61	96.230,94	95.520,64	832.239
3/05/2019 11:20	96.129,60	601,98	0,63	96.230,94	95.520,64	822.318
3/05/2019 11:19	96.101,33	573,71	0,60	96.230,94	95.520,64	816.113
3/05/2019 11:18	96.122,00	594,38	0,62	96.230,94	95.520,64	808.732
3/05/2019 11:17	96.124,21	596,59	0,62	96.230,94	95.520,64	795.704
3/05/2019 11:16	96.067,51	539,89	0,57	96.230,94	95.520,64	788.251
3/05/2019 11:15	96.054,27	526,65	0,55	96.230,94	95.520,64	778.017
3/05/2019 11:14	96.049,16	521,54	0,55	96.230,94	95.520,64	768.551
3/05/2019 11:13	96.096,11	568,49	0,60	96.230,94	95.520,64	759.156
3/05/2019 11:12	96.102,76	575,14	0,60	96.230,94	95.520,64	750.368
3/05/2019 11:11	96.132,79	605,17	0,63	96.230,94	95.520,64	744.232
3/05/2019 11:10	96.140,97	613,35	0,64	96.230,94	95.520,64	734.834
3/05/2019 11:09	96.128,26	600,64	0,63	96.230,94	95.520,64	725.702
3/05/2019 11:08	96.133,63	606,01	0,63	96.230,94	95.520,64	717.480
3/05/2019 11:07	96.142,61	614,99	0,64	96.230,94	95.520,64	714.594
3/05/2019 11:06	96.166,96	639,34	0,67	96.230,94	95.520,64	707.445
3/05/2019 11:05	96.143,85	616,23	0,65	96.230,94	95.520,64	698.369
3/05/2019 11:04	96.149,86	622,24	0,65	96.230,94	95.520,64	687.562
3/05/2019 11:03	96.168,43	640,81	0,67	96.230,94	95.520,64	675.529
3/05/2019 11:02	96.230,94	703,32	0,74	96.230,94	95.520,64	666.660
3/05/2019 11:01	96.227,70	700,08	0,73	96.227,70	95.520,64	654.800
3/05/2019 11:00	96.170,33	642,71	0,67	96.216,14	95.520,64	643.565
3/05/2019 10:59	96.123,28	595,66	0,62	96.216,14	95.520,64	634.884
3/05/2019 10:58	96.144,65	617,03	0,65	96.216,14	95.520,64	620.463
3/05/2019 10:57	96.120,18	592,56	0,62	96.216,14	95.520,64	611.887
3/05/2019 10:56	96.205,47	677,85	0,71	96.216,14	95.520,64	598.579
3/05/2019 10:55	96.171,68	644,06	0,67	96.216,14	95.520,64	588.233
3/05/2019 10:54	96.169,28	641,66	0,67	96.216,14	95.520,64	577.130
3/05/2019 10:53	96.128,05	600,43	0,63	96.216,14	95.520,64	566.803
3/05/2019 10:52	96.133,10	605,48	0,63	96.216,14	95.520,64	546.710
3/05/2019 10:51	96.159,00	631,38	0,66	96.216,14	95.520,64	534.325
3/05/2019 10:50	96.170,68	643,06	0,67	96.216,14	95.520,64	522.501
3/05/2019 10:49	96.185,75	658,13	0,69	96.216,14	95.520,64	513.463
3/05/2019 10:48	96.156,91	629,29	0,66	96.216,14	95.520,64	506.275
3/05/2019 10:47	96.135,98	608,36	0,64	96.216,14	95.520,64	497.336
3/05/2019 10:46	96.139,11	611,49	0,64	96.216,14	95.520,64	480.817
3/05/2019 10:45	96.153,62	626,00	0,66	96.216,14	95.520,64	463.861
3/05/2019 10:44	96.144,48	616,86	0,65	96.216,14	95.520,64	445.512
3/05/2019 10:43	96.146,48	618,86	0,65	96.216,14	95.520,64	433.274
3/05/2019 10:42	96.166,62	639,00	0,67	96.216,14	95.520,64	422.191
3/05/2019 10:41	96.216,14	688,52	0,72	96.216,14	95.520,64	412.243
3/05/2019 10:40	96.207,22	679,60	0,71	96.207,22	95.520,64	398.702
3/05/2019 10:39	96.134,16	606,54	0,63	96.182,34	95.520,64	389.313
3/05/2019 10:38	96.062,22	534,60	0,56	96.182,34	95.520,64	377.315
3/05/2019 10:37	96.164,31	636,69	0,67	96.182,34	95.520,64	359.486
3/05/2019 10:36	96.135,61	607,99	0,64	96.148,14	95.520,64	343.581
3/05/2019 10:35	96.084,96	557,34	0,58	96.084,96	95.520,64	322.403
3/05/2019 10:34	96.013,27	485,65	0,51	96.064,96	95.520,64	309.557
3/05/2019 10:33	95.919,32	391,70	0,41	96.064,96	95.520,64	300.733
3/05/2019 10:32	95.898,85	371,23	0,39	96.064,96	95.520,64	291.393
3/05/2019 10:31	95.883,91	356,29	0,37	96.064,96	95.520,64	278.191
3/05/2019 10:30	95.922,91	395,29	0,41	96.064,96	95.520,64	263.639
3/05/2019 10:29	95.977,70	450,08	0,47	96.064,96	95.520,64	253.981
3/05/2019 10:28	95.971,62	444,00	0,46	96.064,96	95.520,64	240.462
3/05/2019 10:27	95.953,78	426,16	0,45	96.064,96	95.520,64	230.573
3/05/2019 10:26	95.981,55	453,93	0,48	96.064,96	95.520,64	222.867
3/05/2019 10:25	95.965,18	437,56	0,46	96.064,96	95.520,64	209.742
3/05/2019 10:24	96.006,56	478,94	0,50	96.064,96	95.520,64	202.343
3/05/2019 10:23	95.991,65	464,03	0,49	96.064,96	95.520,64	195.918
3/05/2019 10:22	95.945,07	417,45	0,44	96.064,96	95.520,64	186.081
3/05/2019 10:21	95.900,46	372,84	0,39	96.064,96	95.520,64	178.636
3/05/2019 10:20	95.852,94	325,32	0,34	96.064,96	95.520,64	169.634
3/05/2019 10:19	95.921,69	394,07	0,41	96.064,96	95.520,64	160.784
3/05/2019 10:18	95.901,01	373,39	0,39	96.064,96	95.520,64	151.870
3/05/2019 10:17	95.835,86	308,24	0,32	96.064,96	95.520,64	144.846
3/05/2019 10:16	95.809,52	281,90	0,30	96.064,96	95.520,64	136.233
3/05/2019 10:15	95.876,37	348,75	0,37	96.064,96	95.520,64	126.508
3/05/2019 10:14	95.964,51	436,89	0,46	96.064,96	95.520,64	114.670
3/05/2019 10:13	95.865,15	337,53	0,35	96.064,96	95.520,64	102.401
3/05/2019 10:12	95.940,57	412,95	0,43	96.064,96	95.520,64	93.172
3/05/2019 10:11	95.982,65	455,03	0,48	96.064,96	95.520,64	81.503
3/05/2019 10:10	96.030,33	502,71	0,53	96.064,96	95.520,64	71.909
3/05/2019 10:09	96.064,96	537,34	0,56	96.064,96	95.520,64	35.241
3/05/2019 10:08	95.931,10	403,48	0,42	95.966,56	95.520,64	30.136
3/05/2019 10:07	95.963,33	435,71	0,46	95.963,33	95.520,64	23.718
3/05/2019 10:06	95.788,76	261,14	0,27	95.788,76	95.520,64	16.399
3/05/2019 10:05	95.751,97	224,35	0,23	95.765,35	95.520,64	10.211
3/05/2019 10:04	95.753,59	225,97	0,24	95.753,59	95.520,64	6.928
3/05/2019 10:03	95.708,26	180,64	0,19	95.708,26	95.520,64	4.790
3/05/2019 10:02	95.645,92	118,30	0,12	95.645,92	95.520,64	1.311
3/05/2019 10:01	95.594,35	66,73	0,07	95.594,35	95.520,64	598
3/05/2019 10:00	95.569,46	41,84	0,04	95.569,46	95.520,64	156
30/04/2019 17:24	96.353,33	165,58	0,17	96.706,71	95.613,24	4.359.428
30/04/2019 17:18	96.353,33	165,58	0,17	96.706,71	95.613,24	4.359.428
30/04/2019 17:17	96.353,33	165,58	0,17	96.706,71	95.613,24	4.359.428
30/04/2019 17:16	96.353,33	165,58	0,17	96.706,71	95.613,24	4.359.428
30/04/2019 17:15	96.353,33	165,58	0,17	96.706,71	95.613,24	4.296.733
30/04/2019 17:14	96.352,99	165,24	0,17	96.706,71	95.613,24	4.296.733
30/04/2019 17:13	96.352,99	165,24	0,17	96.706,71	95.613,24	4.296.733
30/04/2019 17:12	96.352,99	165,24	0,17	96.706,71	95.613,24	4.292.630
30/04/2019 17:11	96.353,18	165,43	0,17	96.706,71	95.613,24	4.063.795
30/04/2019 17:10	96.362,62	174,87	0,18	96.706,71	95.613,24	4.017.678
30/04/2019 17:09	96.358,02	170,27	0,18	96.706,71	95.613,24	3.882.371
30/04/2019 17:08	96.408,99	221,24	0,23	96.706,71	95.613,24	3.767.013
30/04/2019 17:07	96.431,85	244,10	0,25	96.706,71	95.613,24	3.624.191
30/04/2019 17:06	96.442,77	255,02	0,27	96.706,71	95.613,24	3.584.604
30/04/2019 17:05	96.439,05	251,30	0,26	96.706,71	95.613,24	3.573.276
30/04/2019 17:04	96.438,13	250,38	0,26	96.706,71	95.613,24	3.568.713
30/04/2019 17:03	96.438,13	250,38	0,26	96.706,71	95.613,24	3.568.713
30/04/2019 17:02	96.438,13	250,38	0,26	96.706,71	95.613,24	3.568.713
30/04/2019 17:01	96.438,13	250,38	0,26	96.706,71	95.613,24	3.568.713
30/04/2019 17:00	96.438,13	250,38	0,26	96.706,71	95.613,24	3.568.713
30/04/2019 16:59	96.438,13	250,38	0,26	96.706,71	95.613,24	3.568.713
30/04/2019 16:58	96.438,13	250,38	0,26	96.706,71	95.613,24	3.568.713
30/04/2019 16:57	96.438,13	250,38	0,26	96.706,71	95.613,24	3.568.713
30/04/2019 16:56	96.438,13	250,38	0,26	96.706,71	95.613,24	3.568.713
30/04/2019 16:55	96.438,13	250,38	0,26	96.706,71	95.613,24	3.568.713
30/04/2019 16:54	96.398,52	210,77	0,22	96.706,71	95.613,24	3.550.513
30/04/2019 16:53	96.416,90	229,15	0,24	96.706,71	95.613,24	3.536.364
30/04/2019 16:52	96.396,97	209,22	0,22	96.706,71	95.613,24	3.525.067
30/04/2019 16:51	96.420,51	232,76	0,24	96.706,71	95.613,24	3.510.476
30/04/2019 16:50	96.447,29	259,54	0,27	96.706,71	95.613,24	3.499.887
30/04/2019 16:49	96.430,01	242,26	0,25	96.706,71	95.613,24	3.480.853
30/04/2019 16:48	96.355,75	168,00	0,17	96.706,71	95.613,24	3.467.588
30/04/2019 16:47	96.366,38	178,63	0,19	96.706,71	95.613,24	3.454.407
30/04/2019 16:46	96.351,36	163,61	0,17	96.706,71	95.613,24	3.440.420
30/04/2019 16:45	96.412,40	224,65	0,23	96.706,71	95.613,24	3.427.639
30/04/2019 16:44	96.387,03	199,28	0,21	96.706,71	95.613,24	3.414.565
30/04/2019 16:43	96.383,63	195,88	0,20	96.706,71	95.613,24	3.398.751
30/04/2019 16:42	96.385,15	197,40	0,21	96.706,71	95.613,24	3.389.846
30/04/2019 16:41	96.416,85	229,10	0,24	96.706,71	95.613,24	3.375.513
30/04/2019 16:40	96.423,41	235,66	0,25	96.706,71	95.613,24	3.362.536
30/04/2019 16:39	96.414,06	226,31	0,24	96.706,71	95.613,24	3.351.612
30/04/2019 16:38	96.416,23	228,48	0,24	96.706,71	95.613,24	3.341.108
30/04/2019 16:37	96.394,67	206,92	0,22	96.706,71	95.613,24	3.333.394
30/04/2019 16:36	96.435,76	248,01	0,26	96.706,71	95.613,24	3.314.893
30/04/2019 16:35	96.404,35	216,60	0,23	96.706,71	95.613,24	3.295.892
30/04/2019 16:34	96.292,85	105,10	0,11	96.706,71	95.613,24	3.286.746
30/04/2019 16:33	96.328,91	141,16	0,15	96.706,71	95.613,24	3.271.271
30/04/2019 16:32	96.303,05	115,30	0,12	96.706,71	95.613,24	3.249.652
30/04/2019 16:31	96.273,18	85,43	0,09	96.706,71	95.613,24	3.241.949
30/04/2019 16:30	96.267,52	79,77	0,08	96.706,71	95.613,24	3.232.100
30/04/2019 16:29	96.273,01	85,26	0,09	96.706,71	95.613,24	3.223.022
30/04/2019 16:28	96.282,88	95,13	0,10	96.706,71	95.613,24	3.215.999
30/04/2019 16:27	96.303,82	116,07	0,12	96.706,71	95.613,24	3.207.768
30/04/2019 16:26	96.315,98	128,23	0,13	96.706,71	95.613,24	3.193.622
30/04/2019 16:25	96.332,88	145,13	0,15	96.706,71	95.613,24	3.184.668
30/04/2019 16:24	96.307,10	119,35	0,12	96.706,71	95.613,24	3.173.832
30/04/2019 16:23	96.297,70	109,95	0,11	96.706,71	95.613,24	3.160.868
30/04/2019 16:22	96.277,18	89,43	0,09	96.706,71	95.613,24	3.153.979
30/04/2019 16:21	96.284,24	96,49	0,10	96.706,71	95.613,24	3.144.090
30/04/2019 16:20	96.272,21	84,46	0,09	96.706,71	95.613,24	3.135.323
30/04/2019 16:19	96.206,00	18,25	0,02	96.706,71	95.613,24	3.121.182
30/04/2019 16:18	96.216,19	28,44	0,03	96.706,71	95.613,24	3.112.622
30/04/2019 16:17	96.226,39	38,64	0,04	96.706,71	95.613,24	3.106.152
30/04/2019 16:16	96.182,99	-4,76	0,00	96.706,71	95.613,24	3.090.395
30/04/2019 16:15	96.180,85	-6,90	-0,01	96.706,71	95.613,24	3.083.720
30/04/2019 16:14	96.242,14	54,39	0,06	96.706,71	95.613,24	3.075.864
30/04/2019 16:13	96.235,74	47,99	0,05	96.706,71	95.613,24	3.069.299
30/04/2019 16:12	96.212,27	24,52	0,03	96.706,71	95.613,24	3.061.758
30/04/2019 16:11	96.207,14	19,39	0,02	96.706,71	95.613,24	3.056.228
30/04/2019 16:10	96.215,73	27,98	0,03	96.706,71	95.613,24	3.050.047
30/04/2019 16:09	96.230,01	42,26	0,04	96.706,71	95.613,24	3.040.867
30/04/2019 16:08	96.221,77	34,02	0,04	96.706,71	95.613,24	3.031.321
30/04/2019 16:07	96.228,49	40,74	0,04	96.706,71	95.613,24	3.024.159
30/04/2019 16:06	96.211,36	23,61	0,02	96.706,71	95.613,24	3.016.536
30/04/2019 16:05	96.208,87	21,12	0,02	96.706,71	95.613,24	3.009.964
30/04/2019 16:04	96.172,74	-15,01	-0,02	96.706,71	95.613,24	3.005.650
30/04/2019 16:03	96.151,09	-36,66	-0,04	96.706,71	95.613,24	2.998.359
30/04/2019 16:02	96.150,23	-37,52	-0,04	96.706,71	95.613,24	2.992.531
30/04/2019 16:01	96.163,58	-24,17	-0,03	96.706,71	95.613,24	2.985.470
30/04/2019 16:00	96.131,08	-56,67	-0,06	96.706,71	95.613,24	2.977.628
30/04/2019 15:59	96.202,63	14,88	0,02	96.706,71	95.613,24	2.967.802
30/04/2019 15:58	96.207,60	19,85	0,02	96.706,71	95.613,24	2.962.485
30/04/2019 15:57	96.180,26	-7,49	-0,01	96.706,71	95.613,24	2.954.608
30/04/2019 15:56	96.199,05	11,30	0,01	96.706,71	95.613,24	2.945.992
30/04/2019 15:55	96.145,98	-41,77	-0,04	96.706,71	95.613,24	2.929.947
30/04/2019 15:54	96.106,72	-81,03	-0,08	96.706,71	95.613,24	2.915.626
30/04/2019 15:53	96.107,37	-80,38	-0,08	96.706,71	95.613,24	2.900.666
30/04/2019 15:52	96.057,99	-129,76	-0,13	96.706,71	95.613,24	2.892.592
30/04/2019 15:51	96.074,61	-113,14	-0,12	96.706,71	95.613,24	2.885.791
30/04/2019 15:50	96.099,95	-87,80	-0,09	96.706,71	95.613,24	2.879.261
30/04/2019 15:49	96.102,40	-85,35	-0,09	96.706,71	95.613,24	2.866.975
30/04/2019 15:48	96.073,88	-113,87	-0,12	96.706,71	95.613,24	2.861.553
30/04/2019 15:47	96.076,01	-111,74	-0,12	96.706,71	95.613,24	2.855.522
30/04/2019 15:46	96.067,04	-120,71	-0,13	96.706,71	95.613,24	2.850.264
30/04/2019 15:45	96.055,03	-132,72	-0,14	96.706,71	95.613,24	2.841.658
30/04/2019 15:44	96.023,79	-163,96	-0,17	96.706,71	95.613,24	2.834.609
30/04/2019 15:43	96.032,63	-155,12	-0,16	96.706,71	95.613,24	2.830.770
30/04/2019 15:42	95.998,65	-189,10	-0,20	96.706,71	95.613,24	2.824.102
30/04/2019 15:41	96.043,61	-144,14	-0,15	96.706,71	95.613,24	2.817.617
30/04/2019 15:40	96.072,20	-115,55	-0,12	96.706,71	95.613,24	2.810.292
30/04/2019 15:39	96.069,23	-118,52	-0,12	96.706,71	95.613,24	2.801.133
30/04/2019 15:38	96.090,04	-97,71	-0,10	96.706,71	95.613,24	2.794.882
30/04/2019 15:37	96.046,27	-141,48	-0,15	96.706,71	95.613,24	2.788.152
30/04/2019 15:36	96.097,45	-90,30	-0,09	96.706,71	95.613,24	2.776.251
30/04/2019 15:35	96.119,13	-68,62	-0,07	96.706,71	95.613,24	2.764.995
30/04/2019 15:34	96.053,91	-133,84	-0,14	96.706,71	95.613,24	2.755.623
30/04/2019 15:33	96.090,49	-97,26	-0,10	96.706,71	95.613,24	2.744.169
30/04/2019 15:32	95.965,77	-221,98	-0,23	96.706,71	95.613,24	2.734.819
30/04/2019 15:31	95.969,53	-218,22	-0,23	96.706,71	95.613,24	2.727.147
30/04/2019 15:30	95.991,61	-196,14	-0,20	96.706,71	95.613,24	2.720.280
30/04/2019 15:29	96.022,11	-165,64	-0,17	96.706,71	95.613,24	2.714.430
30/04/2019 15:28	96.035,53	-152,22	-0,16	96.706,71	95.613,24	2.707.311
30/04/2019 15:27	95.998,97	-188,78	-0,20	96.706,71	95.613,24	2.699.827
30/04/2019 15:26	95.983,14	-204,61	-0,21	96.706,71	95.613,24	2.685.385
30/04/2019 15:25	96.031,87	-155,88	-0,16	96.706,71	95.613,24	2.671.452
30/04/2019 15:24	96.069,72	-118,03	-0,12	96.706,71	95.613,24	2.658.709
30/04/2019 15:23	96.103,27	-84,48	-0,09	96.706,71	95.613,24	2.652.724
30/04/2019 15:22	96.137,92	-49,83	-0,05	96.706,71	95.613,24	2.642.287
30/04/2019 15:21	96.111,77	-75,98	-0,08	96.706,71	95.613,24	2.633.354
30/04/2019 15:20	96.052,23	-135,52	-0,14	96.706,71	95.613,24	2.620.088
30/04/2019 15:19	95.996,05	-191,70	-0,20	96.706,71	95.613,24	2.607.171
30/04/2019 15:18	95.997,15	-190,60	-0,20	96.706,71	95.613,24	2.602.029
30/04/2019 15:17	95.988,73	-199,02	-0,21	96.706,71	95.613,24	2.593.225
30/04/2019 15:16	95.947,33	-240,42	-0,25	96.706,71	95.613,24	2.587.387
30/04/2019 15:15	95.959,47	-228,28	-0,24	96.706,71	95.613,24	2.580.358
30/04/2019 15:14	95.972,64	-215,11	-0,22	96.706,71	95.613,24	2.575.734
30/04/2019 15:13	96.010,49	-177,26	-0,18	96.706,71	95.613,24	2.569.385
30/04/2019 15:12	96.025,10	-162,65	-0,17	96.706,71	95.613,24	2.563.089
30/04/2019 15:11	96.012,40	-175,35	-0,18	96.706,71	95.613,24	2.554.619
30/04/2019 15:10	95.986,35	-201,40	-0,21	96.706,71	95.613,24	2.543.995
30/04/2019 15:09	95.966,77	-220,98	-0,23	96.706,71	95.613,24	2.537.512
30/04/2019 15:08	95.917,14	-270,61	-0,28	96.706,71	95.613,24	2.527.499
30/04/2019 15:07	95.936,86	-250,89	-0,26	96.706,71	95.613,24	2.522.350
30/04/2019 15:06	95.926,72	-261,03	-0,27	96.706,71	95.613,24	2.517.571
30/04/2019 15:05	95.937,35	-250,40	-0,26	96.706,71	95.613,24	2.510.561
30/04/2019 15:04	95.971,13	-216,62	-0,23	96.706,71	95.613,24	2.500.347
30/04/2019 15:03	96.018,00	-169,75	-0,18	96.706,71	95.613,24	2.493.008
30/04/2019 15:02	96.048,55	-139,20	-0,14	96.706,71	95.613,24	2.485.672
30/04/2019 15:01	96.092,09	-95,66	-0,10	96.706,71	95.613,24	2.474.057
30/04/2019 15:00	96.085,91	-101,84	-0,11	96.706,71	95.613,24	2.467.140
30/04/2019 14:59	96.072,32	-115,43	-0,12	96.706,71	95.613,24	2.462.480
30/04/2019 14:58	96.113,26	-74,49	-0,08	96.706,71	95.613,24	2.453.384
30/04/2019 14:57	96.054,91	-132,84	-0,14	96.706,71	95.613,24	2.445.144
30/04/2019 14:56	96.024,98	-162,77	-0,17	96.706,71	95.613,24	2.434.468
30/04/2019 14:55	96.076,40	-111,35	-0,12	96.706,71	95.613,24	2.420.663
30/04/2019 14:54	96.042,81	-144,94	-0,15	96.706,71	95.613,24	2.415.293
30/04/2019 14:53	96.072,06	-115,69	-0,12	96.706,71	95.613,24	2.411.592
30/04/2019 14:52	96.060,85	-126,90	-0,13	96.706,71	95.613,24	2.404.394
30/04/2019 14:51	96.098,87	-88,88	-0,09	96.706,71	95.613,24	2.389.168
30/04/2019 14:50	96.123,61	-64,14	-0,07	96.706,71	95.613,24	2.379.330
30/04/2019 14:49	96.171,93	-15,82	-0,02	96.706,71	95.613,24	2.367.804
30/04/2019 14:48	96.139,43	-48,32	-0,05	96.706,71	95.613,24	2.359.616
30/04/2019 14:47	96.157,44	-30,31	-0,03	96.706,71	95.613,24	2.351.337
30/04/2019 14:46	96.194,69	6,94	0,01	96.706,71	95.613,24	2.338.165
30/04/2019 14:45	96.108,14	-79,61	-0,08	96.706,71	95.613,24	2.325.893
30/04/2019 14:44	96.155,29	-32,46	-0,03	96.706,71	95.613,24	2.317.048
30/04/2019 14:43	96.124,21	-63,54	-0,07	96.706,71	95.613,24	2.303.969
30/04/2019 14:42	96.130,65	-57,10	-0,06	96.706,71	95.613,24	2.293.768
30/04/2019 14:41	96.094,63	-93,12	-0,10	96.706,71	95.613,24	2.281.208
30/04/2019 14:40	96.078,65	-109,10	-0,11	96.706,71	95.613,24	2.274.972
30/04/2019 14:39	96.076,44	-111,31	-0,12	96.706,71	95.613,24	2.266.337
30/04/2019 14:38	96.005,37	-182,38	-0,19	96.706,71	95.613,24	2.252.598
30/04/2019 14:37	95.962,78	-224,97	-0,23	96.706,71	95.613,24	2.243.923
30/04/2019 14:36	95.945,91	-241,84	-0,25	96.706,71	95.613,24	2.238.469
30/04/2019 14:35	95.962,53	-225,22	-0,23	96.706,71	95.613,24	2.233.414
30/04/2019 14:34	95.982,59	-205,16	-0,21	96.706,71	95.613,24	2.227.558
30/04/2019 14:33	95.992,22	-195,53	-0,20	96.706,71	95.613,24	2.219.753
30/04/2019 14:32	95.948,86	-238,89	-0,25	96.706,71	95.613,24	2.213.379
30/04/2019 14:31	95.979,78	-207,97	-0,22	96.706,71	95.613,24	2.105.573
30/04/2019 14:30	95.913,90	-273,85	-0,28	96.706,71	95.613,24	2.093.709
30/04/2019 14:29	95.905,19	-282,56	-0,29	96.706,71	95.613,24	2.086.298
30/04/2019 14:28	95.904,61	-283,14	-0,29	96.706,71	95.613,24	2.080.145
30/04/2019 14:27	95.925,16	-262,59	-0,27	96.706,71	95.613,24	2.072.877
30/04/2019 14:26	95.930,48	-257,27	-0,27	96.706,71	95.613,24	2.065.949
30/04/2019 14:25	95.886,57	-301,18	-0,31	96.706,71	95.613,24	2.059.085
30/04/2019 14:24	95.893,37	-294,38	-0,31	96.706,71	95.613,24	2.049.649
30/04/2019 14:23	95.932,39	-255,36	-0,27	96.706,71	95.613,24	2.042.963
30/04/2019 14:22	95.943,49	-244,26	-0,25	96.706,71	95.613,24	2.037.717
30/04/2019 14:21	95.974,26	-213,49	-0,22	96.706,71	95.613,24	2.031.916
30/04/2019 14:20	95.979,90	-207,85	-0,22	96.706,71	95.613,24	2.025.706
30/04/2019 14:19	95.971,39	-216,36	-0,22	96.706,71	95.613,24	2.014.885
30/04/2019 14:18	95.984,82	-202,93	-0,21	96.706,71	95.613,24	2.009.843
30/04/2019 14:17	95.983,12	-204,63	-0,21	96.706,71	95.613,24	2.003.261
30/04/2019 14:16	96.019,40	-168,35	-0,18	96.706,71	95.613,24	1.991.669
30/04/2019 14:15	95.986,52	-201,23	-0,21	96.706,71	95.613,24	1.984.718
30/04/2019 14:14	95.924,83	-262,92	-0,27	96.706,71	95.613,24	1.979.577
30/04/2019 14:13	95.929,79	-257,96	-0,27	96.706,71	95.613,24	1.973.274
30/04/2019 14:12	95.935,99	-251,76	-0,26	96.706,71	95.613,24	1.967.113
30/04/2019 14:11	95.941,59	-246,16	-0,26	96.706,71	95.613,24	1.961.869
30/04/2019 14:10	95.916,49	-271,26	-0,28	96.706,71	95.613,24	1.956.036
30/04/2019 14:09	95.889,87	-297,88	-0,31	96.706,71	95.613,24	1.947.483
30/04/2019 14:08	95.875,47	-312,28	-0,32	96.706,71	95.613,24	1.942.471
30/04/2019 14:07	95.849,76	-337,99	-0,35	96.706,71	95.613,24	1.939.159
30/04/2019 14:06	95.843,24	-344,51	-0,36	96.706,71	95.613,24	1.933.021
30/04/2019 14:05	95.817,54	-370,21	-0,38	96.706,71	95.613,24	1.929.845
30/04/2019 14:04	95.805,67	-382,08	-0,40	96.706,71	95.613,24	1.925.669
30/04/2019 14:03	95.788,04	-399,71	-0,42	96.706,71	95.613,24	1.906.962
30/04/2019 14:02	95.773,43	-414,32	-0,43	96.706,71	95.613,24	1.895.945
30/04/2019 14:01	95.809,01	-378,74	-0,39	96.706,71	95.613,24	1.889.561
30/04/2019 14:00	95.801,78	-385,97	-0,40	96.706,71	95.613,24	1.877.387
30/04/2019 13:59	95.683,03	-504,72	-0,52	96.706,71	95.613,24	1.873.375
30/04/2019 13:58	95.695,83	-491,92	-0,51	96.706,71	95.613,24	1.862.832
30/04/2019 13:57	95.714,85	-472,90	-0,49	96.706,71	95.613,24	1.856.967
30/04/2019 13:56	95.667,08	-520,67	-0,54	96.706,71	95.613,24	1.851.903
30/04/2019 13:55	95.635,92	-551,83	-0,57	96.706,71	95.613,24	1.847.531
30/04/2019 13:54	95.613,24	-574,51	-0,60	96.706,71	95.613,24	1.842.467
30/04/2019 13:53	95.628,26	-559,49	-0,58	96.706,71	95.628,26	1.837.192
30/04/2019 13:52	95.636,79	-550,96	-0,57	96.706,71	95.636,79	1.830.843
30/04/2019 13:51	95.680,89	-506,86	-0,53	96.706,71	95.680,89	1.820.434
30/04/2019 13:50	95.702,93	-484,82	-0,50	96.706,71	95.702,93	1.813.893
30/04/2019 13:49	95.729,01	-458,74	-0,48	96.706,71	95.706,16	1.805.890
30/04/2019 13:48	95.725,71	-462,04	-0,48	96.706,71	95.706,16	1.800.126
30/04/2019 13:47	95.715,54	-472,21	-0,49	96.706,71	95.714,57	1.795.478
30/04/2019 13:46	95.719,27	-468,48	-0,49	96.706,71	95.719,27	1.787.300
30/04/2019 13:45	95.743,55	-444,20	-0,46	96.706,71	95.743,55	1.778.536
30/04/2019 13:44	95.757,62	-430,13	-0,45	96.706,71	95.751,51	1.774.158
30/04/2019 13:43	95.779,07	-408,68	-0,42	96.706,71	95.751,51	1.770.107
30/04/2019 13:42	95.785,10	-402,65	-0,42	96.706,71	95.751,51	1.763.248
30/04/2019 13:41	95.809,94	-377,81	-0,39	96.706,71	95.751,51	1.751.903
30/04/2019 13:40	95.824,65	-363,10	-0,38	96.706,71	95.751,51	1.745.687
30/04/2019 13:39	95.841,33	-346,42	-0,36	96.706,71	95.751,51	1.738.532
30/04/2019 13:38	95.836,84	-350,91	-0,36	96.706,71	95.751,51	1.734.285
30/04/2019 13:37	95.863,03	-324,72	-0,34	96.706,71	95.751,51	1.729.098
30/04/2019 13:36	95.880,81	-306,94	-0,32	96.706,71	95.751,51	1.721.783
30/04/2019 13:35	95.846,25	-341,50	-0,36	96.706,71	95.751,51	1.714.282
30/04/2019 13:34	95.849,05	-338,70	-0,35	96.706,71	95.751,51	1.708.984
30/04/2019 13:33	95.847,08	-340,67	-0,35	96.706,71	95.751,51	1.701.692
30/04/2019 13:32	95.863,41	-324,34	-0,34	96.706,71	95.751,51	1.695.125
30/04/2019 13:31	95.899,43	-288,32	-0,30	96.706,71	95.751,51	1.688.871
30/04/2019 13:30	95.945,25	-242,50	-0,25	96.706,71	95.751,51	1.683.008
30/04/2019 13:29	95.959,80	-227,95	-0,24	96.706,71	95.751,51	1.677.422
30/04/2019 13:28	95.962,44	-225,31	-0,23	96.706,71	95.751,51	1.673.547
30/04/2019 13:27	95.964,44	-223,31	-0,23	96.706,71	95.751,51	1.670.037
30/04/2019 13:26	95.967,28	-220,47	-0,23	96.706,71	95.751,51	1.667.545
30/04/2019 13:25	95.999,77	-187,98	-0,20	96.706,71	95.751,51	1.664.068
30/04/2019 13:24	95.958,63	-229,12	-0,24	96.706,71	95.751,51	1.659.102
30/04/2019 13:23	95.966,85	-220,90	-0,23	96.706,71	95.751,51	1.654.799
30/04/2019 13:22	95.982,62	-205,13	-0,21	96.706,71	95.751,51	1.649.469
30/04/2019 13:21	95.927,28	-260,47	-0,27	96.706,71	95.751,51	1.641.338
30/04/2019 13:20	95.935,95	-251,80	-0,26	96.706,71	95.751,51	1.636.816
30/04/2019 13:19	95.928,52	-259,23	-0,27	96.706,71	95.751,51	1.632.261
30/04/2019 13:18	95.933,73	-254,02	-0,26	96.706,71	95.751,51	1.627.053
30/04/2019 13:17	95.930,15	-257,60	-0,27	96.706,71	95.751,51	1.622.452
30/04/2019 13:16	95.963,96	-223,79	-0,23	96.706,71	95.751,51	1.617.818
30/04/2019 13:15	95.957,33	-230,42	-0,24	96.706,71	95.751,51	1.611.934
30/04/2019 13:14	95.983,77	-203,98	-0,21	96.706,71	95.751,51	1.607.070
30/04/2019 13:13	95.982,83	-204,92	-0,21	96.706,71	95.751,51	1.602.545
30/04/2019 13:12	95.984,05	-203,70	-0,21	96.706,71	95.751,51	1.597.504
30/04/2019 13:11	95.998,36	-189,39	-0,20	96.706,71	95.751,51	1.591.071
30/04/2019 13:10	95.990,95	-196,80	-0,20	96.706,71	95.751,51	1.587.443
30/04/2019 13:09	95.982,72	-205,03	-0,21	96.706,71	95.751,51	1.582.346
30/04/2019 13:08	95.987,00	-200,75	-0,21	96.706,71	95.751,51	1.577.627
30/04/2019 13:07	96.041,34	-146,41	-0,15	96.706,71	95.751,51	1.571.645
30/04/2019 13:06	96.015,26	-172,49	-0,18	96.706,71	95.751,51	1.564.742
30/04/2019 13:05	95.992,64	-195,11	-0,20	96.706,71	95.751,51	1.559.509
30/04/2019 13:04	95.986,56	-201,19	-0,21	96.706,71	95.751,51	1.553.724
30/04/2019 13:03	95.994,38	-193,37	-0,20	96.706,71	95.751,51	1.548.516
30/04/2019 13:02	95.985,15	-202,60	-0,21	96.706,71	95.751,51	1.541.156
30/04/2019 13:01	95.997,24	-190,51	-0,20	96.706,71	95.751,51	1.535.252
30/04/2019 13:00	96.031,93	-155,82	-0,16	96.706,71	95.751,51	1.525.846
30/04/2019 12:59	96.046,19	-141,56	-0,15	96.706,71	95.751,51	1.519.908
30/04/2019 12:58	96.037,36	-150,39	-0,16	96.706,71	95.751,51	1.514.337
30/04/2019 12:57	96.073,58	-114,17	-0,12	96.706,71	95.751,51	1.509.139
30/04/2019 12:56	96.137,91	-49,84	-0,05	96.706,71	95.751,51	1.501.305
30/04/2019 12:55	96.158,64	-29,11	-0,03	96.706,71	95.751,51	1.493.914
30/04/2019 12:54	96.109,21	-78,54	-0,08	96.706,71	95.751,51	1.486.400
30/04/2019 12:53	96.087,44	-100,31	-0,10	96.706,71	95.751,51	1.477.705
30/04/2019 12:52	96.001,09	-186,66	-0,19	96.706,71	95.751,51	1.468.993
30/04/2019 12:51	96.022,45	-165,30	-0,17	96.706,71	95.751,51	1.451.303
30/04/2019 12:50	96.048,69	-139,06	-0,14	96.706,71	95.751,51	1.444.146
30/04/2019 12:49	96.048,15	-139,60	-0,15	96.706,71	95.751,51	1.434.515
30/04/2019 12:48	96.041,80	-145,95	-0,15	96.706,71	95.751,51	1.429.616
30/04/2019 12:47	96.019,31	-168,44	-0,18	96.706,71	95.751,51	1.419.365
30/04/2019 12:46	96.070,19	-117,56	-0,12	96.706,71	95.751,51	1.412.338
30/04/2019 12:45	96.047,43	-140,32	-0,15	96.706,71	95.751,51	1.408.704
30/04/2019 12:44	96.050,27	-137,48	-0,14	96.706,71	95.751,51	1.405.111
30/04/2019 12:43	95.997,24	-190,51	-0,20	96.706,71	95.751,51	1.397.796
30/04/2019 12:42	95.992,09	-195,66	-0,20	96.706,71	95.751,51	1.393.400
30/04/2019 12:41	96.041,63	-146,12	-0,15	96.706,71	95.751,51	1.386.564
30/04/2019 12:40	96.082,97	-104,78	-0,11	96.706,71	95.751,51	1.379.546
30/04/2019 12:39	96.157,82	-29,93	-0,03	96.706,71	95.751,51	1.372.938
30/04/2019 12:38	96.202,78	15,03	0,02	96.706,71	95.751,51	1.360.319
30/04/2019 12:37	96.092,02	-95,73	-0,10	96.706,71	95.751,51	1.355.356
30/04/2019 12:36	96.090,64	-97,11	-0,10	96.706,71	95.751,51	1.350.890
30/04/2019 12:35	96.133,00	-54,75	-0,06	96.706,71	95.751,51	1.345.557
30/04/2019 12:34	96.105,31	-82,44	-0,09	96.706,71	95.751,51	1.342.732
30/04/2019 12:33	96.078,59	-109,16	-0,11	96.706,71	95.751,51	1.336.973
30/04/2019 12:32	96.124,95	-62,80	-0,07	96.706,71	95.751,51	1.330.956
30/04/2019 12:31	96.135,02	-52,73	-0,05	96.706,71	95.751,51	1.327.189
30/04/2019 12:30	96.077,87	-109,88	-0,11	96.706,71	95.751,51	1.319.929
30/04/2019 12:29	96.020,76	-166,99	-0,17	96.706,71	95.751,51	1.313.862
30/04/2019 12:28	96.038,28	-149,47	-0,16	96.706,71	95.751,51	1.306.960
30/04/2019 12:27	96.094,78	-92,97	-0,10	96.706,71	95.751,51	1.297.921
30/04/2019 12:26	96.170,58	-17,17	-0,02	96.706,71	95.751,51	1.292.721
30/04/2019 12:25	96.200,20	12,45	0,01	96.706,71	95.751,51	1.281.684
30/04/2019 12:24	96.247,81	60,06	0,06	96.706,71	95.751,51	1.275.418
30/04/2019 12:23	96.240,91	53,16	0,06	96.706,71	95.751,51	1.262.903
30/04/2019 12:22	96.175,79	-11,96	-0,01	96.706,71	95.751,51	1.254.371
30/04/2019 12:21	96.135,36	-52,39	-0,05	96.706,71	95.751,51	1.245.818
30/04/2019 12:20	96.136,92	-50,83	-0,05	96.706,71	95.751,51	1.240.251
30/04/2019 12:19	96.147,76	-39,99	-0,04	96.706,71	95.751,51	1.236.305
30/04/2019 12:18	96.103,78	-83,97	-0,09	96.706,71	95.751,51	1.227.664
30/04/2019 12:17	96.140,40	-47,35	-0,05	96.706,71	95.751,51	1.214.937
30/04/2019 12:16	96.021,29	-166,46	-0,17	96.706,71	95.751,51	1.208.911
30/04/2019 12:15	96.029,53	-158,22	-0,16	96.706,71	95.751,51	1.205.369
30/04/2019 12:14	96.002,53	-185,22	-0,19	96.706,71	95.751,51	1.199.117
30/04/2019 12:13	95.991,97	-195,78	-0,20	96.706,71	95.751,51	1.190.055
30/04/2019 12:12	95.994,24	-193,51	-0,20	96.706,71	95.751,51	1.186.051
30/04/2019 12:11	95.950,49	-237,26	-0,25	96.706,71	95.751,51	1.180.265
30/04/2019 12:10	95.886,05	-301,70	-0,31	96.706,71	95.751,51	1.171.006
30/04/2019 12:09	95.799,33	-388,42	-0,40	96.706,71	95.751,51	1.161.985
30/04/2019 12:08	95.775,26	-412,49	-0,43	96.706,71	95.751,51	1.154.265
30/04/2019 12:07	95.780,85	-406,90	-0,42	96.706,71	95.751,51	1.139.218
30/04/2019 12:06	95.782,60	-405,15	-0,42	96.706,71	95.751,51	1.132.249
30/04/2019 12:05	95.786,68	-401,07	-0,42	96.706,71	95.786,68	1.119.044
30/04/2019 12:04	95.829,75	-358,00	-0,37	96.706,71	95.807,82	1.103.556
30/04/2019 12:03	95.925,55	-262,20	-0,27	96.706,71	95.807,82	1.088.597
30/04/2019 12:02	96.025,28	-162,47	-0,17	96.706,71	95.807,82	1.079.947
30/04/2019 12:01	96.059,49	-128,26	-0,13	96.706,71	95.807,82	1.075.906
30/04/2019 12:00	96.063,26	-124,49	-0,13	96.706,71	95.807,82	1.070.295
30/04/2019 11:59	96.025,83	-161,92	-0,17	96.706,71	95.807,82	1.064.755
30/04/2019 11:58	96.066,53	-121,22	-0,13	96.706,71	95.807,82	1.058.182
30/04/2019 11:57	96.071,73	-116,02	-0,12	96.706,71	95.807,82	1.053.312
30/04/2019 11:56	96.071,73	-116,02	-0,12	96.706,71	95.807,82	1.037.844
30/04/2019 11:55	96.051,13	-136,62	-0,14	96.706,71	95.807,82	1.029.374
30/04/2019 11:54	96.069,31	-118,44	-0,12	96.706,71	95.807,82	991.431
30/04/2019 11:53	96.072,65	-115,10	-0,12	96.706,71	95.807,82	981.862
30/04/2019 11:52	96.071,36	-116,39	-0,12	96.706,71	95.807,82	978.359
30/04/2019 11:51	96.078,73	-109,02	-0,11	96.706,71	95.807,82	973.195
30/04/2019 11:50	96.060,26	-127,49	-0,13	96.706,71	95.807,82	966.084
30/04/2019 11:49	96.027,03	-160,72	-0,17	96.706,71	95.807,82	958.114
30/04/2019 11:48	96.038,42	-149,33	-0,16	96.706,71	95.807,82	950.458
30/04/2019 11:47	96.028,25	-159,50	-0,17	96.706,71	95.807,82	943.419
30/04/2019 11:46	96.005,72	-182,03	-0,19	96.706,71	95.807,82	936.795
30/04/2019 11:45	95.965,83	-221,92	-0,23	96.706,71	95.807,82	930.874
30/04/2019 11:44	95.926,15	-261,60	-0,27	96.706,71	95.807,82	924.990
30/04/2019 11:43	95.965,48	-222,27	-0,23	96.706,71	95.807,82	921.810
30/04/2019 11:42	95.956,67	-231,08	-0,24	96.706,71	95.807,82	915.566
30/04/2019 11:41	95.887,26	-300,49	-0,31	96.706,71	95.807,82	907.854
30/04/2019 11:40	95.862,95	-324,80	-0,34	96.706,71	95.807,82	902.408
30/04/2019 11:39	95.839,14	-348,61	-0,36	96.706,71	95.807,82	897.279
30/04/2019 11:38	95.807,82	-379,93	-0,39	96.706,71	95.807,82	887.991
30/04/2019 11:37	95.907,46	-280,29	-0,29	96.706,71	95.883,64	878.015
30/04/2019 11:36	95.941,38	-246,37	-0,26	96.706,71	95.883,64	874.066
30/04/2019 11:35	96.023,62	-164,13	-0,17	96.706,71	95.883,64	868.731
30/04/2019 11:34	96.016,67	-171,08	-0,18	96.706,71	95.883,64	861.997
30/04/2019 11:33	95.991,14	-196,61	-0,20	96.706,71	95.883,64	855.262
30/04/2019 11:32	95.967,54	-220,21	-0,23	96.706,71	95.883,64	849.710
30/04/2019 11:31	95.920,08	-267,67	-0,28	96.706,71	95.883,64	844.391
30/04/2019 11:30	95.909,86	-277,89	-0,29	96.706,71	95.883,64	839.149
30/04/2019 11:29	95.907,00	-280,75	-0,29	96.706,71	95.883,64	832.292
30/04/2019 11:28	95.883,64	-304,11	-0,32	96.706,71	95.883,64	817.137
30/04/2019 11:27	95.935,26	-252,49	-0,26	96.706,71	95.935,26	803.356
30/04/2019 11:26	96.060,35	-127,40	-0,13	96.706,71	96.005,36	795.499
30/04/2019 11:25	96.021,16	-166,59	-0,17	96.706,71	96.005,36	787.484
30/04/2019 11:24	96.026,15	-161,60	-0,17	96.706,71	96.009,46	779.553
30/04/2019 11:23	96.146,13	-41,62	-0,04	96.706,71	96.009,46	769.997
30/04/2019 11:22	96.146,67	-41,08	-0,04	96.706,71	96.009,46	763.446
30/04/2019 11:21	96.030,71	-157,04	-0,16	96.706,71	96.009,46	755.876
30/04/2019 11:20	96.018,22	-169,53	-0,18	96.706,71	96.018,22	749.819
30/04/2019 11:19	96.090,73	-97,02	-0,10	96.706,71	96.084,65	739.784
30/04/2019 11:18	96.126,22	-61,53	-0,06	96.706,71	96.084,65	733.460
30/04/2019 11:17	96.191,93	4,18	0,00	96.706,71	96.084,65	726.288
30/04/2019 11:16	96.181,81	-5,94	-0,01	96.706,71	96.084,65	720.946
30/04/2019 11:15	96.214,07	26,32	0,03	96.706,71	96.084,65	714.778
30/04/2019 11:14	96.221,00	33,25	0,03	96.706,71	96.084,65	705.225
30/04/2019 11:13	96.128,76	-58,99	-0,06	96.706,71	96.084,65	696.360
30/04/2019 11:12	96.123,89	-63,86	-0,07	96.706,71	96.084,65	688.769
30/04/2019 11:11	96.143,57	-44,18	-0,05	96.706,71	96.084,65	681.479
30/04/2019 11:10	96.160,81	-26,94	-0,03	96.706,71	96.084,65	674.440
30/04/2019 11:09	96.133,33	-54,42	-0,06	96.706,71	96.084,65	664.055
30/04/2019 11:08	96.153,82	-33,93	-0,04	96.706,71	96.121,25	654.393
30/04/2019 11:07	96.270,02	82,27	0,09	96.706,71	96.121,25	643.715
30/04/2019 11:06	96.221,47	33,72	0,04	96.706,71	96.121,25	635.097
30/04/2019 11:05	96.147,00	-40,75	-0,04	96.706,71	96.121,25	627.136
30/04/2019 11:04	96.224,00	36,25	0,04	96.706,71	96.121,25	619.377
30/04/2019 11:03	96.121,25	-66,50	-0,07	96.706,71	96.121,25	611.993
30/04/2019 11:02	96.188,89	1,14	0,00	96.706,71	96.164,04	604.280
30/04/2019 11:01	96.214,73	26,98	0,03	96.706,71	96.191,45	594.236
30/04/2019 11:00	96.197,41	9,66	0,01	96.706,71	96.191,45	573.869
30/04/2019 10:59	96.266,08	78,33	0,08	96.706,71	96.191,45	564.068
30/04/2019 10:58	96.340,08	152,33	0,16	96.706,71	96.191,45	551.932
30/04/2019 10:57	96.364,93	177,18	0,18	96.706,71	96.191,45	534.921
30/04/2019 10:56	96.260,29	72,54	0,08	96.706,71	96.191,45	526.959
30/04/2019 10:55	96.328,14	140,39	0,15	96.706,71	96.191,45	507.408
30/04/2019 10:54	96.302,23	114,48	0,12	96.706,71	96.191,45	500.342
30/04/2019 10:53	96.286,83	99,08	0,10	96.706,71	96.191,45	488.327
30/04/2019 10:52	96.326,14	138,39	0,14	96.706,71	96.191,45	473.612
30/04/2019 10:51	96.466,07	278,32	0,29	96.706,71	96.191,45	463.959
30/04/2019 10:50	96.489,61	301,86	0,31	96.706,71	96.191,45	456.282
30/04/2019 10:49	96.498,72	310,97	0,32	96.706,71	96.191,45	447.508
30/04/2019 10:48	96.485,73	297,98	0,31	96.706,71	96.191,45	437.201
30/04/2019 10:47	96.539,93	352,18	0,37	96.706,71	96.191,45	430.362
30/04/2019 10:46	96.540,98	353,23	0,37	96.706,71	96.191,45	419.009
30/04/2019 10:45	96.544,70	356,95	0,37	96.706,71	96.191,45	411.267
30/04/2019 10:44	96.594,17	406,42	0,42	96.706,71	96.191,45	405.296
30/04/2019 10:43	96.593,30	405,55	0,42	96.706,71	96.191,45	394.689
30/04/2019 10:42	96.581,39	393,64	0,41	96.706,71	96.191,45	385.902
30/04/2019 10:41	96.615,94	428,19	0,45	96.706,71	96.191,45	373.005
30/04/2019 10:40	96.581,77	394,02	0,41	96.706,71	96.191,45	360.628
30/04/2019 10:39	96.662,95	475,20	0,49	96.706,71	96.191,45	347.513
30/04/2019 10:38	96.701,51	513,76	0,53	96.706,71	96.191,45	332.288
30/04/2019 10:37	96.589,72	401,97	0,42	96.706,71	96.191,45	311.604
30/04/2019 10:36	96.413,87	226,12	0,24	96.706,71	96.191,45	297.491
30/04/2019 10:35	96.350,97	163,22	0,17	96.706,71	96.191,45	286.781
30/04/2019 10:34	96.401,94	214,19	0,22	96.706,71	96.191,45	276.944
30/04/2019 10:33	96.359,25	171,50	0,18	96.706,71	96.191,45	271.034
30/04/2019 10:32	96.349,69	161,94	0,17	96.706,71	96.191,45	264.829
30/04/2019 10:31	96.356,83	169,08	0,18	96.706,71	96.191,45	257.310
30/04/2019 10:30	96.340,28	152,53	0,16	96.706,71	96.191,45	240.999
30/04/2019 10:29	96.499,93	312,18	0,32	96.706,71	96.191,45	234.267
30/04/2019 10:28	96.508,14	320,39	0,33	96.706,71	96.191,45	224.411
30/04/2019 10:27	96.540,05	352,30	0,37	96.706,71	96.191,45	217.722
30/04/2019 10:26	96.552,27	364,52	0,38	96.706,71	96.191,45	212.477
30/04/2019 10:25	96.566,30	378,55	0,39	96.706,71	96.191,45	202.144
30/04/2019 10:24	96.693,77	506,02	0,53	96.706,71	96.191,45	197.368
30/04/2019 10:23	96.639,57	451,82	0,47	96.706,71	96.191,45	191.605
30/04/2019 10:22	96.566,94	379,19	0,39	96.706,71	96.191,45	180.205
30/04/2019 10:21	96.623,95	436,20	0,45	96.706,71	96.191,45	174.512
30/04/2019 10:20	96.630,41	442,66	0,46	96.706,71	96.191,45	167.616
30/04/2019 10:19	96.574,40	386,65	0,40	96.706,71	96.191,45	159.156
30/04/2019 10:18	96.706,71	518,96	0,54	96.706,71	96.191,45	150.866
30/04/2019 10:17	96.702,02	514,27	0,53	96.702,39	96.191,45	137.192
30/04/2019 10:16	96.702,39	514,64	0,54	96.702,39	96.191,45	127.781
30/04/2019 10:15	96.675,43	487,68	0,51	96.675,43	96.191,45	118.106
30/04/2019 10:14	96.659,75	472,00	0,49	96.663,65	96.191,45	113.277
30/04/2019 10:13	96.656,22	468,47	0,49	96.656,22	96.191,45	103.785
30/04/2019 10:12	96.603,86	416,11	0,43	96.634,33	96.191,45	90.273
30/04/2019 10:11	96.533,76	346,01	0,36	96.560,52	96.191,45	74.413
30/04/2019 10:10	96.534,77	347,02	0,36	96.534,77	96.191,45	66.372
30/04/2019 10:09	96.493,81	306,06	0,32	96.493,81	96.191,45	56.124
30/04/2019 10:08	96.478,86	291,11	0,30	96.478,86	96.191,45	48.725
30/04/2019 10:07	96.240,04	52,29	0,05	96.363,62	96.191,45	33.436
30/04/2019 10:06	96.222,82	35,07	0,04	96.363,62	96.191,45	22.332
30/04/2019 10:05	96.283,00	95,25	0,10	96.363,62	96.191,45	15.524
30/04/2019 10:04	96.363,62	175,87	0,18	96.363,62	96.191,45	10.834
30/04/2019 10:03	96.257,32	69,57	0,07	96.267,31	96.191,45	6.375
30/04/2019 10:02	96.267,31	79,56	0,08	96.267,31	96.191,45	2.016
30/04/2019 10:01	96.200,94	13,19	0,01	96.205,20	96.191,45	680
30/04/2019 10:00	96.205,20	17,45	0,02	96.205,20	96.191,45	137