3/05/2019 17:09	26,85	0,12	0,45	27,07	26,85	32.877.200
3/05/2019 16:49	26,95	0,22	0,82	27,07	26,86	27.385.100
3/05/2019 16:48	26,95	0,22	0,82	27,07	26,86	27.077.400
3/05/2019 16:47	26,96	0,23	0,86	27,07	26,86	26.970.600
3/05/2019 16:46	26,96	0,23	0,86	27,07	26,86	26.929.700
3/05/2019 16:45	26,95	0,22	0,82	27,07	26,86	26.885.200
3/05/2019 16:44	26,97	0,24	0,90	27,07	26,86	26.756.500
3/05/2019 16:43	26,95	0,22	0,82	27,07	26,86	26.722.400
3/05/2019 16:42	26,97	0,24	0,90	27,07	26,86	26.079.200
3/05/2019 16:41	26,95	0,22	0,82	27,07	26,86	25.993.000
3/05/2019 16:40	26,95	0,22	0,82	27,07	26,86	25.941.700
3/05/2019 16:39	26,95	0,22	0,82	27,07	26,86	25.839.700
3/05/2019 16:38	26,93	0,20	0,75	27,07	26,86	25.658.600
3/05/2019 16:37	26,93	0,20	0,75	27,07	26,86	25.647.300
3/05/2019 16:36	26,94	0,21	0,79	27,07	26,86	25.639.900
3/05/2019 16:35	26,93	0,20	0,75	27,07	26,86	25.395.200
3/05/2019 16:34	26,93	0,20	0,75	27,07	26,86	25.376.800
3/05/2019 16:33	26,92	0,19	0,71	27,07	26,86	25.311.100
3/05/2019 16:32	26,91	0,18	0,67	27,07	26,86	25.283.800
3/05/2019 16:31	26,91	0,18	0,67	27,07	26,86	25.274.700
3/05/2019 16:30	26,92	0,19	0,71	27,07	26,86	25.237.300
3/05/2019 16:29	26,92	0,19	0,71	27,07	26,86	25.189.900
3/05/2019 16:28	26,91	0,18	0,67	27,07	26,86	25.154.300
3/05/2019 16:27	26,91	0,18	0,67	27,07	26,86	25.140.200
3/05/2019 16:26	26,92	0,19	0,71	27,07	26,86	25.133.700
3/05/2019 16:25	26,92	0,19	0,71	27,07	26,86	24.957.500
3/05/2019 16:24	26,92	0,19	0,71	27,07	26,86	24.942.300
3/05/2019 16:23	26,91	0,18	0,67	27,07	26,86	24.919.100
3/05/2019 16:22	26,91	0,18	0,67	27,07	26,86	24.885.300
3/05/2019 16:21	26,91	0,18	0,67	27,07	26,86	24.871.900
3/05/2019 16:20	26,91	0,18	0,67	27,07	26,86	24.861.600
3/05/2019 16:19	26,91	0,18	0,67	27,07	26,86	24.841.400
3/05/2019 16:18	26,90	0,17	0,64	27,07	26,86	24.805.300
3/05/2019 16:17	26,90	0,17	0,64	27,07	26,86	24.793.400
3/05/2019 16:16	26,90	0,17	0,64	27,07	26,86	24.784.600
3/05/2019 16:15	26,92	0,19	0,71	27,07	26,86	24.738.100
3/05/2019 16:14	26,92	0,19	0,71	27,07	26,86	24.714.500
3/05/2019 16:13	26,89	0,16	0,60	27,07	26,86	24.676.800
3/05/2019 16:12	26,90	0,17	0,64	27,07	26,86	24.563.200
3/05/2019 16:11	26,93	0,20	0,75	27,07	26,86	24.193.100
3/05/2019 16:10	26,92	0,19	0,71	27,07	26,86	24.181.000
3/05/2019 16:09	26,92	0,19	0,71	27,07	26,86	24.170.100
3/05/2019 16:08	26,92	0,19	0,71	27,07	26,86	24.160.400
3/05/2019 16:07	26,94	0,21	0,79	27,07	26,86	24.152.200
3/05/2019 16:06	26,91	0,18	0,67	27,07	26,86	24.135.900
3/05/2019 16:05	26,92	0,19	0,71	27,07	26,86	24.102.300
3/05/2019 16:04	26,92	0,19	0,71	27,07	26,86	24.062.900
3/05/2019 16:03	26,92	0,19	0,71	27,07	26,86	24.012.300
3/05/2019 16:02	26,93	0,20	0,75	27,07	26,86	23.988.800
3/05/2019 16:01	26,93	0,20	0,75	27,07	26,86	23.979.300
3/05/2019 16:00	26,95	0,22	0,82	27,07	26,86	23.961.500
3/05/2019 15:59	26,96	0,23	0,86	27,07	26,86	23.942.200
3/05/2019 15:58	26,96	0,23	0,86	27,07	26,86	23.927.100
3/05/2019 15:57	26,98	0,25	0,94	27,07	26,86	23.897.800
3/05/2019 15:56	26,97	0,24	0,90	27,07	26,86	23.878.400
3/05/2019 15:55	26,96	0,23	0,86	27,07	26,86	23.836.800
3/05/2019 15:54	26,93	0,20	0,75	27,07	26,86	23.728.500
3/05/2019 15:53	26,93	0,20	0,75	27,07	26,86	23.708.400
3/05/2019 15:52	26,95	0,22	0,82	27,07	26,86	23.682.900
3/05/2019 15:51	26,95	0,22	0,82	27,07	26,86	23.672.800
3/05/2019 15:50	26,96	0,23	0,86	27,07	26,86	23.655.900
3/05/2019 15:49	26,97	0,24	0,90	27,07	26,86	23.578.200
3/05/2019 15:48	26,95	0,22	0,82	27,07	26,86	23.492.600
3/05/2019 15:47	26,94	0,21	0,79	27,07	26,86	23.464.900
3/05/2019 15:46	26,95	0,22	0,82	27,07	26,86	23.431.200
3/05/2019 15:45	26,94	0,21	0,79	27,07	26,86	23.365.000
3/05/2019 15:44	26,92	0,19	0,71	27,07	26,86	23.302.800
3/05/2019 15:43	26,91	0,18	0,67	27,07	26,86	23.287.600
3/05/2019 15:42	26,91	0,18	0,67	27,07	26,86	23.274.200
3/05/2019 15:41	26,91	0,18	0,67	27,07	26,86	23.240.800
3/05/2019 15:40	26,91	0,18	0,67	27,07	26,86	23.223.100
3/05/2019 15:39	26,91	0,18	0,67	27,07	26,86	23.201.400
3/05/2019 15:38	26,91	0,18	0,67	27,07	26,86	23.190.500
3/05/2019 15:37	26,90	0,17	0,64	27,07	26,86	23.153.000
3/05/2019 15:36	26,90	0,17	0,64	27,07	26,86	23.130.300
3/05/2019 15:35	26,90	0,17	0,64	27,07	26,86	23.071.500
3/05/2019 15:34	26,91	0,18	0,67	27,07	26,86	23.040.200
3/05/2019 15:33	26,92	0,19	0,71	27,07	26,86	23.032.300
3/05/2019 15:32	26,92	0,19	0,71	27,07	26,86	23.010.000
3/05/2019 15:31	26,92	0,19	0,71	27,07	26,86	23.001.900
3/05/2019 15:30	26,91	0,18	0,67	27,07	26,86	22.931.300
3/05/2019 15:29	26,90	0,17	0,64	27,07	26,86	22.854.800
3/05/2019 15:28	26,91	0,18	0,67	27,07	26,86	22.768.400
3/05/2019 15:27	26,90	0,17	0,64	27,07	26,86	22.758.100
3/05/2019 15:26	26,90	0,17	0,64	27,07	26,86	22.735.300
3/05/2019 15:25	26,91	0,18	0,67	27,07	26,86	22.552.800
3/05/2019 15:24	26,91	0,18	0,67	27,07	26,86	22.532.500
3/05/2019 15:23	26,91	0,18	0,67	27,07	26,86	22.510.700
3/05/2019 15:22	26,91	0,18	0,67	27,07	26,86	22.485.500
3/05/2019 15:21	26,91	0,18	0,67	27,07	26,86	22.465.900
3/05/2019 15:20	26,91	0,18	0,67	27,07	26,86	22.456.400
3/05/2019 15:19	26,92	0,19	0,71	27,07	26,86	22.398.900
3/05/2019 15:18	26,90	0,17	0,64	27,07	26,86	22.367.500
3/05/2019 15:17	26,91	0,18	0,67	27,07	26,86	22.346.500
3/05/2019 15:16	26,91	0,18	0,67	27,07	26,86	22.340.000
3/05/2019 15:15	26,92	0,19	0,71	27,07	26,86	22.302.100
3/05/2019 15:14	26,92	0,19	0,71	27,07	26,86	22.274.100
3/05/2019 15:13	26,91	0,18	0,67	27,07	26,86	22.159.600
3/05/2019 15:12	26,89	0,16	0,60	27,07	26,86	22.123.800
3/05/2019 15:11	26,91	0,18	0,67	27,07	26,86	21.967.500
3/05/2019 15:10	26,92	0,19	0,71	27,07	26,86	21.803.300
3/05/2019 15:09	26,95	0,22	0,82	27,07	26,86	21.571.500
3/05/2019 15:08	26,95	0,22	0,82	27,07	26,86	21.562.800
3/05/2019 15:07	26,97	0,24	0,90	27,07	26,86	21.462.000
3/05/2019 15:06	26,98	0,25	0,94	27,07	26,86	21.443.900
3/05/2019 15:05	26,97	0,24	0,90	27,07	26,86	21.428.700
3/05/2019 15:04	26,97	0,24	0,90	27,07	26,86	21.419.000
3/05/2019 15:03	26,97	0,24	0,90	27,07	26,86	21.393.600
3/05/2019 15:02	26,97	0,24	0,90	27,07	26,86	21.382.000
3/05/2019 15:01	26,99	0,26	0,97	27,07	26,86	21.325.500
3/05/2019 15:00	27,00	0,27	1,01	27,07	26,86	21.205.300
3/05/2019 14:59	27,00	0,27	1,01	27,07	26,86	21.185.500
3/05/2019 14:58	27,00	0,27	1,01	27,07	26,86	21.178.700
3/05/2019 14:57	27,00	0,27	1,01	27,07	26,86	21.168.300
3/05/2019 14:56	26,99	0,26	0,97	27,07	26,86	21.132.000
3/05/2019 14:55	27,00	0,27	1,01	27,07	26,86	21.120.800
3/05/2019 14:54	26,99	0,26	0,97	27,07	26,86	21.111.500
3/05/2019 14:53	26,98	0,25	0,94	27,07	26,86	21.094.600
3/05/2019 14:52	26,98	0,25	0,94	27,07	26,86	21.086.600
3/05/2019 14:51	26,97	0,24	0,90	27,07	26,86	21.059.300
3/05/2019 14:50	26,98	0,25	0,94	27,07	26,86	21.051.900
3/05/2019 14:49	26,98	0,25	0,94	27,07	26,86	21.029.800
3/05/2019 14:48	26,99	0,26	0,97	27,07	26,86	21.007.700
3/05/2019 14:47	27,00	0,27	1,01	27,07	26,86	20.946.700
3/05/2019 14:46	27,00	0,27	1,01	27,07	26,86	20.893.600
3/05/2019 14:45	27,01	0,28	1,05	27,07	26,86	20.814.900
3/05/2019 14:44	27,01	0,28	1,05	27,07	26,86	20.788.000
3/05/2019 14:43	27,00	0,27	1,01	27,07	26,86	20.761.200
3/05/2019 14:42	27,01	0,28	1,05	27,07	26,86	20.741.500
3/05/2019 14:41	27,00	0,27	1,01	27,07	26,86	20.710.100
3/05/2019 14:40	27,02	0,29	1,08	27,07	26,86	20.562.500
3/05/2019 14:39	27,01	0,28	1,05	27,07	26,86	20.534.800
3/05/2019 14:38	27,01	0,28	1,05	27,07	26,86	20.496.800
3/05/2019 14:37	27,01	0,28	1,05	27,07	26,86	20.465.800
3/05/2019 14:36	27,01	0,28	1,05	27,07	26,86	20.449.600
3/05/2019 14:35	27,02	0,29	1,08	27,07	26,86	20.421.000
3/05/2019 14:34	27,02	0,29	1,08	27,07	26,86	20.399.200
3/05/2019 14:33	27,01	0,28	1,05	27,07	26,86	20.333.200
3/05/2019 14:32	27,01	0,28	1,05	27,07	26,86	20.255.500
3/05/2019 14:31	27,01	0,28	1,05	27,07	26,86	20.246.700
3/05/2019 14:30	27,02	0,29	1,08	27,07	26,86	20.229.900
3/05/2019 14:29	27,01	0,28	1,05	27,07	26,86	20.210.400
3/05/2019 14:28	27,01	0,28	1,05	27,07	26,86	20.171.600
3/05/2019 14:27	27,00	0,27	1,01	27,07	26,86	20.156.400
3/05/2019 14:26	26,99	0,26	0,97	27,07	26,86	20.144.500
3/05/2019 14:25	26,99	0,26	0,97	27,07	26,86	20.123.100
3/05/2019 14:24	27,00	0,27	1,01	27,07	26,86	20.115.500
3/05/2019 14:23	26,99	0,26	0,97	27,07	26,86	20.096.000
3/05/2019 14:22	26,99	0,26	0,97	27,07	26,86	20.082.500
3/05/2019 14:21	27,00	0,27	1,01	27,07	26,86	20.045.800
3/05/2019 14:20	26,99	0,26	0,97	27,07	26,86	20.039.100
3/05/2019 14:19	27,00	0,27	1,01	27,07	26,86	20.018.800
3/05/2019 14:18	27,01	0,28	1,05	27,07	26,86	20.012.200
3/05/2019 14:17	27,00	0,27	1,01	27,07	26,86	19.942.500
3/05/2019 14:16	27,00	0,27	1,01	27,07	26,86	19.929.000
3/05/2019 14:15	26,99	0,26	0,97	27,07	26,86	19.883.100
3/05/2019 14:14	26,98	0,25	0,94	27,07	26,86	19.800.800
3/05/2019 14:13	26,98	0,25	0,94	27,07	26,86	19.775.300
3/05/2019 14:12	26,97	0,24	0,90	27,07	26,86	19.766.200
3/05/2019 14:11	26,97	0,24	0,90	27,07	26,86	19.729.300
3/05/2019 14:10	26,97	0,24	0,90	27,07	26,86	19.716.900
3/05/2019 14:09	26,96	0,23	0,86	27,07	26,86	19.698.600
3/05/2019 14:08	26,96	0,23	0,86	27,07	26,86	19.680.200
3/05/2019 14:07	26,96	0,23	0,86	27,07	26,86	19.645.400
3/05/2019 14:06	26,97	0,24	0,90	27,07	26,86	19.602.600
3/05/2019 14:05	26,98	0,25	0,94	27,07	26,86	19.550.000
3/05/2019 14:04	26,97	0,24	0,90	27,07	26,86	19.545.300
3/05/2019 14:03	26,99	0,26	0,97	27,07	26,86	19.508.600
3/05/2019 14:02	26,98	0,25	0,94	27,07	26,86	19.497.000
3/05/2019 14:01	26,96	0,23	0,86	27,07	26,86	19.471.000
3/05/2019 14:00	26,98	0,25	0,94	27,07	26,86	19.447.400
3/05/2019 13:59	26,98	0,25	0,94	27,07	26,86	19.433.100
3/05/2019 13:58	26,99	0,26	0,97	27,07	26,86	19.406.700
3/05/2019 13:57	26,97	0,24	0,90	27,07	26,86	19.373.700
3/05/2019 13:56	26,98	0,25	0,94	27,07	26,86	19.365.400
3/05/2019 13:55	26,98	0,25	0,94	27,07	26,86	19.321.400
3/05/2019 13:54	26,99	0,26	0,97	27,07	26,86	19.252.800
3/05/2019 13:53	27,00	0,27	1,01	27,07	26,86	19.239.300
3/05/2019 13:52	27,00	0,27	1,01	27,07	26,86	19.230.300
3/05/2019 13:51	27,00	0,27	1,01	27,07	26,86	19.215.400
3/05/2019 13:50	27,00	0,27	1,01	27,07	26,86	19.210.500
3/05/2019 13:49	26,99	0,26	0,97	27,07	26,86	19.193.300
3/05/2019 13:48	27,01	0,28	1,05	27,07	26,86	19.130.600
3/05/2019 13:47	27,00	0,27	1,01	27,07	26,86	19.105.700
3/05/2019 13:46	27,00	0,27	1,01	27,07	26,86	19.094.600
3/05/2019 13:45	27,00	0,27	1,01	27,07	26,86	19.011.400
3/05/2019 13:44	27,00	0,27	1,01	27,07	26,86	18.991.800
3/05/2019 13:43	27,00	0,27	1,01	27,07	26,86	18.978.900
3/05/2019 13:42	27,00	0,27	1,01	27,07	26,86	18.968.900
3/05/2019 13:41	27,01	0,28	1,05	27,07	26,86	18.964.700
3/05/2019 13:40	26,99	0,26	0,97	27,07	26,86	18.936.400
3/05/2019 13:39	26,99	0,26	0,97	27,07	26,86	18.928.600
3/05/2019 13:38	26,99	0,26	0,97	27,07	26,86	18.923.200
3/05/2019 13:37	27,00	0,27	1,01	27,07	26,86	18.813.400
3/05/2019 13:36	27,00	0,27	1,01	27,07	26,86	18.807.200
3/05/2019 13:35	27,01	0,28	1,05	27,07	26,86	18.799.500
3/05/2019 13:34	26,99	0,26	0,97	27,07	26,86	18.775.000
3/05/2019 13:33	27,00	0,27	1,01	27,07	26,86	18.759.600
3/05/2019 13:32	27,01	0,28	1,05	27,07	26,86	18.743.100
3/05/2019 13:31	27,00	0,27	1,01	27,07	26,86	18.667.200
3/05/2019 13:30	27,01	0,28	1,05	27,07	26,86	18.636.600
3/05/2019 13:29	27,02	0,29	1,08	27,07	26,86	18.443.000
3/05/2019 13:28	27,01	0,28	1,05	27,07	26,86	18.429.400
3/05/2019 13:27	27,00	0,27	1,01	27,07	26,86	18.398.900
3/05/2019 13:26	27,01	0,28	1,05	27,07	26,86	18.383.900
3/05/2019 13:25	27,00	0,27	1,01	27,07	26,86	18.375.700
3/05/2019 13:24	27,00	0,27	1,01	27,07	26,86	18.306.900
3/05/2019 13:23	27,01	0,28	1,05	27,07	26,86	18.299.800
3/05/2019 13:22	27,00	0,27	1,01	27,07	26,86	18.283.100
3/05/2019 13:21	27,00	0,27	1,01	27,07	26,86	18.273.100
3/05/2019 13:20	27,01	0,28	1,05	27,07	26,86	18.262.700
3/05/2019 13:19	27,00	0,27	1,01	27,07	26,86	18.251.600
3/05/2019 13:18	26,99	0,26	0,97	27,07	26,86	18.197.900
3/05/2019 13:17	26,99	0,26	0,97	27,07	26,86	18.193.400
3/05/2019 13:16	27,00	0,27	1,01	27,07	26,86	18.084.300
3/05/2019 13:15	27,00	0,27	1,01	27,07	26,86	18.069.600
3/05/2019 13:14	26,99	0,26	0,97	27,07	26,86	17.992.500
3/05/2019 13:13	27,00	0,27	1,01	27,07	26,86	17.468.300
3/05/2019 13:12	26,99	0,26	0,97	27,07	26,86	16.689.700
3/05/2019 13:11	27,00	0,27	1,01	27,07	26,86	16.683.500
3/05/2019 13:10	27,00	0,27	1,01	27,07	26,86	16.578.700
3/05/2019 13:09	27,00	0,27	1,01	27,07	26,86	16.537.100
3/05/2019 13:08	27,01	0,28	1,05	27,07	26,86	16.530.900
3/05/2019 13:07	27,00	0,27	1,01	27,07	26,86	16.521.200
3/05/2019 13:06	27,01	0,28	1,05	27,07	26,86	16.451.600
3/05/2019 13:05	27,01	0,28	1,05	27,07	26,86	15.840.800
3/05/2019 13:04	27,00	0,27	1,01	27,07	26,86	15.805.600
3/05/2019 13:03	27,00	0,27	1,01	27,07	26,86	15.800.400
3/05/2019 13:02	26,99	0,26	0,97	27,07	26,86	15.784.500
3/05/2019 13:01	26,99	0,26	0,97	27,07	26,86	15.775.300
3/05/2019 13:00	26,99	0,26	0,97	27,07	26,86	15.769.800
3/05/2019 12:59	26,99	0,26	0,97	27,07	26,86	15.713.300
3/05/2019 12:58	26,99	0,26	0,97	27,07	26,86	15.707.300
3/05/2019 12:57	26,99	0,26	0,97	27,07	26,86	15.701.400
3/05/2019 12:56	27,02	0,29	1,08	27,07	26,86	15.666.400
3/05/2019 12:55	26,99	0,26	0,97	27,07	26,86	15.634.300
3/05/2019 12:54	26,99	0,26	0,97	27,07	26,86	15.624.400
3/05/2019 12:53	27,00	0,27	1,01	27,07	26,86	15.619.100
3/05/2019 12:52	26,99	0,26	0,97	27,07	26,86	15.599.700
3/05/2019 12:51	26,98	0,25	0,94	27,07	26,86	15.592.500
3/05/2019 12:50	26,97	0,24	0,90	27,07	26,86	15.559.400
3/05/2019 12:49	26,97	0,24	0,90	27,07	26,86	15.549.700
3/05/2019 12:48	27,01	0,28	1,05	27,07	26,86	15.326.000
3/05/2019 12:47	27,00	0,27	1,01	27,07	26,86	15.276.800
3/05/2019 12:46	27,00	0,27	1,01	27,07	26,86	15.265.000
3/05/2019 12:45	27,02	0,29	1,08	27,07	26,86	15.211.600
3/05/2019 12:44	27,00	0,27	1,01	27,07	26,86	15.147.900
3/05/2019 12:43	27,01	0,28	1,05	27,07	26,86	15.141.300
3/05/2019 12:42	27,01	0,28	1,05	27,07	26,86	15.137.500
3/05/2019 12:41	27,03	0,30	1,12	27,07	26,86	15.125.800
3/05/2019 12:40	27,01	0,28	1,05	27,07	26,86	14.814.900
3/05/2019 12:39	27,00	0,27	1,01	27,07	26,86	14.741.300
3/05/2019 12:38	27,01	0,28	1,05	27,07	26,86	14.599.900
3/05/2019 12:37	26,99	0,26	0,97	27,07	26,86	14.481.100
3/05/2019 12:36	26,99	0,26	0,97	27,07	26,86	14.455.300
3/05/2019 12:35	26,98	0,25	0,94	27,07	26,86	14.446.600
3/05/2019 12:34	26,99	0,26	0,97	27,07	26,86	14.431.700
3/05/2019 12:33	27,00	0,27	1,01	27,07	26,86	14.375.000
3/05/2019 12:32	26,96	0,23	0,86	27,07	26,86	14.317.100
3/05/2019 12:31	26,98	0,25	0,94	27,07	26,86	14.117.500
3/05/2019 12:30	26,98	0,25	0,94	27,07	26,86	14.071.600
3/05/2019 12:29	26,97	0,24	0,90	27,07	26,86	13.936.800
3/05/2019 12:28	26,97	0,24	0,90	27,07	26,86	13.911.100
3/05/2019 12:27	26,96	0,23	0,86	27,07	26,86	13.891.200
3/05/2019 12:26	26,95	0,22	0,82	27,07	26,86	13.861.300
3/05/2019 12:25	26,96	0,23	0,86	27,07	26,86	13.835.100
3/05/2019 12:24	26,94	0,21	0,79	27,07	26,86	13.820.200
3/05/2019 12:23	26,95	0,22	0,82	27,07	26,86	13.434.700
3/05/2019 12:22	26,97	0,24	0,90	27,07	26,86	13.349.700
3/05/2019 12:21	26,97	0,24	0,90	27,07	26,86	13.255.200
3/05/2019 12:20	26,97	0,24	0,90	27,07	26,86	13.235.600
3/05/2019 12:19	26,99	0,26	0,97	27,07	26,86	13.030.800
3/05/2019 12:18	26,98	0,25	0,94	27,07	26,86	12.996.400
3/05/2019 12:17	26,98	0,25	0,94	27,07	26,86	12.508.000
3/05/2019 12:16	27,00	0,27	1,01	27,07	26,86	12.393.200
3/05/2019 12:15	27,00	0,27	1,01	27,07	26,86	12.363.000
3/05/2019 12:14	26,99	0,26	0,97	27,07	26,86	12.353.300
3/05/2019 12:13	26,99	0,26	0,97	27,07	26,86	12.292.400
3/05/2019 12:12	26,99	0,26	0,97	27,07	26,86	12.287.900
3/05/2019 12:11	27,00	0,27	1,01	27,07	26,86	12.281.000
3/05/2019 12:10	27,00	0,27	1,01	27,07	26,86	12.233.500
3/05/2019 12:09	26,98	0,25	0,94	27,07	26,86	12.168.300
3/05/2019 12:08	27,00	0,27	1,01	27,07	26,86	11.622.600
3/05/2019 12:07	27,01	0,28	1,05	27,07	26,86	11.541.900
3/05/2019 12:06	27,03	0,30	1,12	27,07	26,86	11.509.600
3/05/2019 12:05	27,03	0,30	1,12	27,07	26,86	11.466.200
3/05/2019 12:04	27,03	0,30	1,12	27,06	26,86	11.364.200
3/05/2019 12:03	27,02	0,29	1,08	27,04	26,86	11.074.400
3/05/2019 12:02	27,00	0,27	1,01	27,04	26,86	10.932.000
3/05/2019 12:01	26,95	0,22	0,82	27,04	26,86	10.802.200
3/05/2019 12:00	26,96	0,23	0,86	27,04	26,86	10.762.200
3/05/2019 11:59	26,95	0,22	0,82	27,04	26,86	10.624.900
3/05/2019 11:58	26,96	0,23	0,86	27,04	26,86	10.617.100
3/05/2019 11:57	26,94	0,21	0,79	27,04	26,86	10.557.900
3/05/2019 11:56	26,94	0,21	0,79	27,04	26,86	9.026.200
3/05/2019 11:55	26,96	0,23	0,86	27,04	26,86	8.493.300
3/05/2019 11:54	26,96	0,23	0,86	27,04	26,86	8.471.400
3/05/2019 11:53	26,94	0,21	0,79	27,04	26,86	8.451.600
3/05/2019 11:52	26,93	0,20	0,75	27,04	26,86	8.435.300
3/05/2019 11:51	26,96	0,23	0,86	27,04	26,86	8.418.200
3/05/2019 11:50	26,94	0,21	0,79	27,04	26,86	8.402.100
3/05/2019 11:49	26,92	0,19	0,71	27,04	26,86	8.394.200
3/05/2019 11:48	26,97	0,24	0,90	27,04	26,86	8.286.200
3/05/2019 11:47	26,97	0,24	0,90	27,04	26,86	8.274.400
3/05/2019 11:46	26,96	0,23	0,86	27,04	26,86	8.221.100
3/05/2019 11:45	26,97	0,24	0,90	27,04	26,86	8.152.500
3/05/2019 11:44	27,00	0,27	1,01	27,04	26,86	8.091.900
3/05/2019 11:43	27,00	0,27	1,01	27,04	26,86	7.701.000
3/05/2019 11:42	26,98	0,25	0,94	27,04	26,86	7.580.900
3/05/2019 11:41	26,97	0,24	0,90	27,04	26,86	7.539.900
3/05/2019 11:40	26,97	0,24	0,90	27,04	26,86	7.526.200
3/05/2019 11:39	26,95	0,22	0,82	27,04	26,86	7.297.800
3/05/2019 11:38	26,95	0,22	0,82	27,04	26,86	7.288.700
3/05/2019 11:37	26,95	0,22	0,82	27,04	26,86	7.230.100
3/05/2019 11:36	26,94	0,21	0,79	27,04	26,86	7.189.300
3/05/2019 11:35	26,93	0,20	0,75	27,04	26,86	6.866.200
3/05/2019 11:34	26,92	0,19	0,71	27,04	26,86	6.848.700
3/05/2019 11:33	26,91	0,18	0,67	27,04	26,86	6.813.800
3/05/2019 11:32	26,91	0,18	0,67	27,04	26,86	6.732.500
3/05/2019 11:31	26,95	0,22	0,82	27,04	26,86	6.632.200
3/05/2019 11:30	26,95	0,22	0,82	27,04	26,86	6.351.800
3/05/2019 11:29	26,95	0,22	0,82	27,04	26,86	6.324.600
3/05/2019 11:28	26,95	0,22	0,82	27,04	26,86	6.311.800
3/05/2019 11:27	26,95	0,22	0,82	27,04	26,86	6.251.000
3/05/2019 11:26	26,93	0,20	0,75	27,04	26,86	6.235.700
3/05/2019 11:25	26,92	0,19	0,71	27,04	26,86	6.173.400
3/05/2019 11:24	26,94	0,21	0,79	27,04	26,86	6.094.500
3/05/2019 11:23	26,94	0,21	0,79	27,04	26,86	6.081.200
3/05/2019 11:22	26,95	0,22	0,82	27,04	26,86	6.065.700
3/05/2019 11:21	26,94	0,21	0,79	27,04	26,86	6.036.300
3/05/2019 11:20	26,95	0,22	0,82	27,04	26,86	6.009.400
3/05/2019 11:19	26,96	0,23	0,86	27,04	26,86	5.973.400
3/05/2019 11:18	26,95	0,22	0,82	27,04	26,86	5.943.800
3/05/2019 11:17	26,95	0,22	0,82	27,04	26,86	5.933.200
3/05/2019 11:16	26,93	0,20	0,75	27,04	26,86	5.886.200
3/05/2019 11:15	26,92	0,19	0,71	27,04	26,86	5.865.000
3/05/2019 11:14	26,91	0,18	0,67	27,04	26,86	5.819.600
3/05/2019 11:13	26,92	0,19	0,71	27,04	26,86	5.723.800
3/05/2019 11:12	26,92	0,19	0,71	27,04	26,86	5.704.800
3/05/2019 11:11	26,94	0,21	0,79	27,04	26,86	5.673.000
3/05/2019 11:10	26,93	0,20	0,75	27,04	26,86	5.640.300
3/05/2019 11:09	26,94	0,21	0,79	27,04	26,86	5.621.900
3/05/2019 11:08	26,92	0,19	0,71	27,04	26,86	5.585.400
3/05/2019 11:07	26,95	0,22	0,82	27,04	26,86	5.557.300
3/05/2019 11:06	26,95	0,22	0,82	27,04	26,86	5.545.100
3/05/2019 11:05	26,94	0,21	0,79	27,04	26,86	5.530.700
3/05/2019 11:04	26,92	0,19	0,71	27,04	26,86	5.455.100
3/05/2019 11:03	26,95	0,22	0,82	27,04	26,86	5.078.600
3/05/2019 11:02	26,97	0,24	0,90	27,04	26,86	5.023.300
3/05/2019 11:01	26,97	0,24	0,90	27,04	26,86	5.001.700
3/05/2019 11:00	26,97	0,24	0,90	27,04	26,86	4.954.900
3/05/2019 10:59	26,94	0,21	0,79	27,04	26,86	4.923.600
3/05/2019 10:58	26,95	0,22	0,82	27,04	26,86	4.898.200
3/05/2019 10:57	26,96	0,23	0,86	27,04	26,86	4.841.500
3/05/2019 10:56	26,99	0,26	0,97	27,04	26,86	4.811.400
3/05/2019 10:55	26,95	0,22	0,82	27,04	26,86	4.618.000
3/05/2019 10:54	26,96	0,23	0,86	27,04	26,86	4.560.000
3/05/2019 10:53	26,97	0,24	0,90	27,04	26,86	4.442.200
3/05/2019 10:52	26,96	0,23	0,86	27,04	26,86	4.411.400
3/05/2019 10:51	26,97	0,24	0,90	27,04	26,86	4.392.300
3/05/2019 10:50	26,95	0,22	0,82	27,04	26,86	4.343.500
3/05/2019 10:49	26,95	0,22	0,82	27,04	26,86	4.300.600
3/05/2019 10:48	26,94	0,21	0,79	27,04	26,86	4.268.600
3/05/2019 10:47	26,94	0,21	0,79	27,04	26,86	4.231.700
3/05/2019 10:46	26,95	0,22	0,82	27,04	26,86	4.210.500
3/05/2019 10:45	26,95	0,22	0,82	27,04	26,86	4.123.700
3/05/2019 10:44	26,98	0,25	0,94	27,04	26,86	4.011.500
3/05/2019 10:43	26,97	0,24	0,90	27,04	26,86	3.980.500
3/05/2019 10:42	26,97	0,24	0,90	27,04	26,86	3.936.400
3/05/2019 10:41	26,98	0,25	0,94	27,04	26,86	3.866.900
3/05/2019 10:40	26,97	0,24	0,90	27,04	26,86	3.846.600
3/05/2019 10:39	26,97	0,24	0,90	27,04	26,86	3.732.800
3/05/2019 10:38	26,94	0,21	0,79	27,04	26,86	3.695.100
3/05/2019 10:37	26,98	0,25	0,94	27,04	26,86	3.530.700
3/05/2019 10:36	26,97	0,24	0,90	26,99	26,86	2.894.900
3/05/2019 10:35	26,95	0,22	0,82	26,99	26,86	2.702.200
3/05/2019 10:34	26,91	0,18	0,67	26,99	26,86	2.609.900
3/05/2019 10:33	26,91	0,18	0,67	26,99	26,86	2.463.200
3/05/2019 10:32	26,90	0,17	0,64	26,99	26,86	2.350.500
3/05/2019 10:31	26,93	0,20	0,75	26,99	26,86	2.241.100
3/05/2019 10:30	26,92	0,19	0,71	26,99	26,86	2.057.800
3/05/2019 10:29	26,94	0,21	0,79	26,99	26,86	1.969.800
3/05/2019 10:28	26,94	0,21	0,79	26,99	26,86	1.810.900
3/05/2019 10:27	26,94	0,21	0,79	26,99	26,86	1.733.600
3/05/2019 10:26	26,96	0,23	0,86	26,99	26,86	1.690.000
3/05/2019 10:25	26,97	0,24	0,90	26,99	26,86	1.669.300
3/05/2019 10:24	26,98	0,25	0,94	26,99	26,86	1.564.400
3/05/2019 10:23	26,97	0,24	0,90	26,98	26,86	1.509.600
3/05/2019 10:22	26,94	0,21	0,79	26,95	26,86	1.338.400
3/05/2019 10:21	26,92	0,19	0,71	26,95	26,86	1.290.100
3/05/2019 10:20	26,92	0,19	0,71	26,95	26,86	1.264.100
3/05/2019 10:19	26,92	0,19	0,71	26,95	26,86	1.235.700
3/05/2019 10:18	26,90	0,17	0,64	26,95	26,86	1.155.900
3/05/2019 10:17	26,92	0,19	0,71	26,95	26,86	1.061.400
3/05/2019 10:16	26,86	0,13	0,49	26,95	26,86	869.800
3/05/2019 10:15	26,89	0,16	0,60	26,95	26,86	841.300
3/05/2019 10:14	26,90	0,17	0,64	26,95	26,87	703.500
3/05/2019 10:13	26,88	0,15	0,56	26,95	26,87	602.400
3/05/2019 10:12	26,88	0,15	0,56	26,95	26,87	569.000
3/05/2019 10:11	26,90	0,17	0,64	26,95	26,88	524.200
3/05/2019 10:10	26,88	0,15	0,56	26,95	26,88	480.700
3/05/2019 10:09	26,92	0,19	0,71	26,95	26,88	327.400
30/04/2019 17:11	27,11	-0,26	-0,95	27,66	26,98	39.268.700
30/04/2019 16:54	27,12	-0,25	-0,91	27,66	26,98	34.435.000
30/04/2019 16:53	27,10	-0,27	-0,99	27,66	26,98	34.316.500
30/04/2019 16:52	27,10	-0,27	-0,99	27,66	26,98	34.230.500
30/04/2019 16:51	27,13	-0,24	-0,88	27,66	26,98	33.941.000
30/04/2019 16:50	27,13	-0,24	-0,88	27,66	26,98	33.904.500
30/04/2019 16:49	27,13	-0,24	-0,88	27,66	26,98	33.769.300
30/04/2019 16:48	27,14	-0,23	-0,84	27,66	26,98	33.592.100
30/04/2019 16:47	27,14	-0,23	-0,84	27,66	26,98	33.511.200
30/04/2019 16:46	27,14	-0,23	-0,84	27,66	26,98	33.348.800
30/04/2019 16:45	27,16	-0,21	-0,77	27,66	26,98	33.088.000
30/04/2019 16:44	27,15	-0,22	-0,80	27,66	26,98	32.981.600
30/04/2019 16:43	27,15	-0,22	-0,80	27,66	26,98	32.916.400
30/04/2019 16:42	27,15	-0,22	-0,80	27,66	26,98	32.863.100
30/04/2019 16:41	27,15	-0,22	-0,80	27,66	26,98	32.795.500
30/04/2019 16:40	27,16	-0,21	-0,77	27,66	26,98	32.625.000
30/04/2019 16:39	27,17	-0,20	-0,73	27,66	26,98	32.600.200
30/04/2019 16:38	27,17	-0,20	-0,73	27,66	26,98	32.527.200
30/04/2019 16:37	27,13	-0,24	-0,88	27,66	26,98	32.437.400
30/04/2019 16:36	27,14	-0,23	-0,84	27,66	26,98	32.187.200
30/04/2019 16:35	27,12	-0,25	-0,91	27,66	26,98	31.890.600
30/04/2019 16:34	27,09	-0,28	-1,02	27,66	26,98	31.593.300
30/04/2019 16:33	27,11	-0,26	-0,95	27,66	26,98	31.540.100
30/04/2019 16:32	27,09	-0,28	-1,02	27,66	26,98	31.505.100
30/04/2019 16:31	27,07	-0,30	-1,10	27,66	26,98	31.448.400
30/04/2019 16:30	27,10	-0,27	-0,99	27,66	26,98	31.397.600
30/04/2019 16:29	27,09	-0,28	-1,02	27,66	26,98	31.195.400
30/04/2019 16:28	27,10	-0,27	-0,99	27,66	26,98	31.140.200
30/04/2019 16:27	27,10	-0,27	-0,99	27,66	26,98	31.093.500
30/04/2019 16:26	27,09	-0,28	-1,02	27,66	26,98	31.055.300
30/04/2019 16:25	27,11	-0,26	-0,95	27,66	26,98	31.029.500
30/04/2019 16:24	27,10	-0,27	-0,99	27,66	26,98	30.988.300
30/04/2019 16:23	27,10	-0,27	-0,99	27,66	26,98	30.938.100
30/04/2019 16:22	27,10	-0,27	-0,99	27,66	26,98	30.913.700
30/04/2019 16:21	27,10	-0,27	-0,99	27,66	26,98	30.879.300
30/04/2019 16:20	27,08	-0,29	-1,06	27,66	26,98	30.787.700
30/04/2019 16:19	27,07	-0,30	-1,10	27,66	26,98	30.755.700
30/04/2019 16:18	27,07	-0,30	-1,10	27,66	26,98	30.718.500
30/04/2019 16:17	27,08	-0,29	-1,06	27,66	26,98	30.705.800
30/04/2019 16:16	27,09	-0,28	-1,02	27,66	26,98	30.692.300
30/04/2019 16:15	27,08	-0,29	-1,06	27,66	26,98	30.672.200
30/04/2019 16:14	27,10	-0,27	-0,99	27,66	26,98	30.615.000
30/04/2019 16:13	27,10	-0,27	-0,99	27,66	26,98	30.603.900
30/04/2019 16:12	27,09	-0,28	-1,02	27,66	26,98	30.570.100
30/04/2019 16:11	27,06	-0,31	-1,13	27,66	26,98	30.529.000
30/04/2019 16:10	27,06	-0,31	-1,13	27,66	26,98	30.511.200
30/04/2019 16:09	27,09	-0,28	-1,02	27,66	26,98	30.438.800
30/04/2019 16:08	27,10	-0,27	-0,99	27,66	26,98	30.353.300
30/04/2019 16:07	27,08	-0,29	-1,06	27,66	26,98	30.277.800
30/04/2019 16:06	27,09	-0,28	-1,02	27,66	26,98	30.239.100
30/04/2019 16:05	27,07	-0,30	-1,10	27,66	26,98	30.157.300
30/04/2019 16:04	27,07	-0,30	-1,10	27,66	26,98	30.114.000
30/04/2019 16:03	27,06	-0,31	-1,13	27,66	26,98	30.053.700
30/04/2019 16:02	27,05	-0,32	-1,17	27,66	26,98	30.025.300
30/04/2019 16:01	27,06	-0,31	-1,13	27,66	26,98	29.988.500
30/04/2019 16:00	27,05	-0,32	-1,17	27,66	26,98	29.921.500
30/04/2019 15:59	27,08	-0,29	-1,06	27,66	26,98	29.842.600
30/04/2019 15:58	27,08	-0,29	-1,06	27,66	26,98	29.738.900
30/04/2019 15:57	27,10	-0,27	-0,99	27,66	26,98	29.700.200
30/04/2019 15:56	27,09	-0,28	-1,02	27,66	26,98	29.661.200
30/04/2019 15:55	27,11	-0,26	-0,95	27,66	26,98	29.513.900
30/04/2019 15:54	27,08	-0,29	-1,06	27,66	26,98	29.378.000
30/04/2019 15:53	27,08	-0,29	-1,06	27,66	26,98	29.330.800
30/04/2019 15:52	27,08	-0,29	-1,06	27,66	26,98	29.141.400
30/04/2019 15:51	27,07	-0,30	-1,10	27,66	26,98	28.915.300
30/04/2019 15:50	27,06	-0,31	-1,13	27,66	26,98	28.766.000
30/04/2019 15:49	27,07	-0,30	-1,10	27,66	26,98	28.711.900
30/04/2019 15:48	27,06	-0,31	-1,13	27,66	26,98	28.624.000
30/04/2019 15:47	27,04	-0,33	-1,21	27,66	26,98	28.553.600
30/04/2019 15:46	27,03	-0,34	-1,24	27,66	26,98	28.483.900
30/04/2019 15:45	27,05	-0,32	-1,17	27,66	26,98	28.466.000
30/04/2019 15:44	27,01	-0,36	-1,32	27,66	26,98	28.410.700
30/04/2019 15:43	27,03	-0,34	-1,24	27,66	26,98	28.361.600
30/04/2019 15:42	27,02	-0,35	-1,28	27,66	26,98	28.324.800
30/04/2019 15:41	27,03	-0,34	-1,24	27,66	26,98	28.276.000
30/04/2019 15:40	27,05	-0,32	-1,17	27,66	26,98	28.131.400
30/04/2019 15:39	27,02	-0,35	-1,28	27,66	26,98	28.043.700
30/04/2019 15:38	27,07	-0,30	-1,10	27,66	26,98	27.792.100
30/04/2019 15:37	27,06	-0,31	-1,13	27,66	26,98	27.745.400
30/04/2019 15:36	27,06	-0,31	-1,13	27,66	26,98	27.693.500
30/04/2019 15:35	27,06	-0,31	-1,13	27,66	26,98	27.640.100
30/04/2019 15:34	27,05	-0,32	-1,17	27,66	26,98	27.594.200
30/04/2019 15:33	27,06	-0,31	-1,13	27,66	26,98	27.568.500
30/04/2019 15:32	27,00	-0,37	-1,35	27,66	26,98	27.527.700
30/04/2019 15:31	27,03	-0,34	-1,24	27,66	26,98	27.408.500
30/04/2019 15:30	27,03	-0,34	-1,24	27,66	26,98	27.371.000
30/04/2019 15:29	27,04	-0,33	-1,21	27,66	26,98	27.338.100
30/04/2019 15:28	27,03	-0,34	-1,24	27,66	26,98	27.278.100
30/04/2019 15:27	27,03	-0,34	-1,24	27,66	26,98	27.166.100
30/04/2019 15:26	27,02	-0,35	-1,28	27,66	27,02	26.733.300
30/04/2019 15:25	27,08	-0,29	-1,06	27,66	27,06	26.195.300
30/04/2019 15:24	27,09	-0,28	-1,02	27,66	27,06	26.142.800
30/04/2019 15:23	27,10	-0,27	-0,99	27,66	27,06	26.069.700
30/04/2019 15:22	27,13	-0,24	-0,88	27,66	27,06	26.008.400
30/04/2019 15:21	27,12	-0,25	-0,91	27,66	27,06	25.968.700
30/04/2019 15:20	27,11	-0,26	-0,95	27,66	27,06	25.911.000
30/04/2019 15:19	27,08	-0,29	-1,06	27,66	27,06	25.878.500
30/04/2019 15:18	27,08	-0,29	-1,06	27,66	27,06	25.853.300
30/04/2019 15:17	27,10	-0,27	-0,99	27,66	27,06	25.818.100
30/04/2019 15:16	27,09	-0,28	-1,02	27,66	27,06	25.769.300
30/04/2019 15:15	27,09	-0,28	-1,02	27,66	27,06	25.745.600
30/04/2019 15:14	27,10	-0,27	-0,99	27,66	27,06	25.675.700
30/04/2019 15:13	27,12	-0,25	-0,91	27,66	27,06	25.604.100
30/04/2019 15:12	27,12	-0,25	-0,91	27,66	27,06	25.570.600
30/04/2019 15:11	27,13	-0,24	-0,88	27,66	27,06	25.545.300
30/04/2019 15:10	27,13	-0,24	-0,88	27,66	27,06	25.483.900
30/04/2019 15:09	27,12	-0,25	-0,91	27,66	27,06	25.448.200
30/04/2019 15:08	27,10	-0,27	-0,99	27,66	27,06	25.403.000
30/04/2019 15:07	27,08	-0,29	-1,06	27,66	27,06	25.298.100
30/04/2019 15:06	27,07	-0,30	-1,10	27,66	27,06	25.255.900
30/04/2019 15:05	27,07	-0,30	-1,10	27,66	27,06	25.232.200
30/04/2019 15:04	27,07	-0,30	-1,10	27,66	27,07	25.156.400
30/04/2019 15:03	27,10	-0,27	-0,99	27,66	27,07	25.088.600
30/04/2019 15:02	27,08	-0,29	-1,06	27,66	27,07	25.074.300
30/04/2019 15:01	27,12	-0,25	-0,91	27,66	27,07	24.952.800
30/04/2019 15:00	27,13	-0,24	-0,88	27,66	27,07	24.907.100
30/04/2019 14:59	27,12	-0,25	-0,91	27,66	27,07	24.866.300
30/04/2019 14:58	27,12	-0,25	-0,91	27,66	27,07	24.625.000
30/04/2019 14:57	27,11	-0,26	-0,95	27,66	27,07	24.583.000
30/04/2019 14:56	27,10	-0,27	-0,99	27,66	27,07	24.471.800
30/04/2019 14:55	27,14	-0,23	-0,84	27,66	27,10	24.033.400
30/04/2019 14:54	27,14	-0,23	-0,84	27,66	27,10	23.966.800
30/04/2019 14:53	27,15	-0,22	-0,80	27,66	27,10	23.931.400
30/04/2019 14:52	27,15	-0,22	-0,80	27,66	27,10	23.885.600
30/04/2019 14:51	27,17	-0,20	-0,73	27,66	27,10	23.752.500
30/04/2019 14:50	27,21	-0,16	-0,58	27,66	27,10	23.625.400
30/04/2019 14:49	27,23	-0,14	-0,51	27,66	27,10	23.454.100
30/04/2019 14:48	27,23	-0,14	-0,51	27,66	27,10	23.349.700
30/04/2019 14:47	27,20	-0,17	-0,62	27,66	27,10	23.314.800
30/04/2019 14:46	27,23	-0,14	-0,51	27,66	27,10	23.261.200
30/04/2019 14:45	27,21	-0,16	-0,58	27,66	27,10	23.052.500
30/04/2019 14:44	27,20	-0,17	-0,62	27,66	27,10	23.013.300
30/04/2019 14:43	27,20	-0,17	-0,62	27,66	27,10	22.972.000
30/04/2019 14:42	27,21	-0,16	-0,58	27,66	27,10	22.944.400
30/04/2019 14:41	27,22	-0,15	-0,55	27,66	27,10	22.881.700
30/04/2019 14:40	27,20	-0,17	-0,62	27,66	27,10	22.783.200
30/04/2019 14:39	27,20	-0,17	-0,62	27,66	27,10	22.739.000
30/04/2019 14:38	27,16	-0,21	-0,77	27,66	27,10	22.635.300
30/04/2019 14:37	27,15	-0,22	-0,80	27,66	27,10	22.590.300
30/04/2019 14:36	27,12	-0,25	-0,91	27,66	27,10	22.557.400
30/04/2019 14:35	27,16	-0,21	-0,77	27,66	27,10	22.501.600
30/04/2019 14:34	27,18	-0,19	-0,69	27,66	27,10	22.476.800
30/04/2019 14:33	27,18	-0,19	-0,69	27,66	27,10	22.460.500
30/04/2019 14:32	27,15	-0,22	-0,80	27,66	27,10	22.306.800
30/04/2019 14:31	27,16	-0,21	-0,77	27,66	27,10	22.278.100
30/04/2019 14:30	27,12	-0,25	-0,91	27,66	27,10	22.111.400
30/04/2019 14:29	27,14	-0,23	-0,84	27,66	27,10	21.823.200
30/04/2019 14:28	27,14	-0,23	-0,84	27,66	27,10	21.741.400
30/04/2019 14:27	27,16	-0,21	-0,77	27,66	27,10	21.720.600
30/04/2019 14:26	27,17	-0,20	-0,73	27,66	27,10	21.697.600
30/04/2019 14:25	27,15	-0,22	-0,80	27,66	27,10	21.656.600
30/04/2019 14:24	27,17	-0,20	-0,73	27,66	27,10	21.399.800
30/04/2019 14:23	27,20	-0,17	-0,62	27,66	27,10	21.367.900
30/04/2019 14:22	27,17	-0,20	-0,73	27,66	27,10	21.112.500
30/04/2019 14:21	27,17	-0,20	-0,73	27,66	27,10	21.070.600
30/04/2019 14:20	27,17	-0,20	-0,73	27,66	27,10	21.047.500
30/04/2019 14:19	27,18	-0,19	-0,69	27,66	27,10	21.029.700
30/04/2019 14:18	27,19	-0,18	-0,66	27,66	27,10	20.981.900
30/04/2019 14:17	27,19	-0,18	-0,66	27,66	27,10	20.954.900
30/04/2019 14:16	27,18	-0,19	-0,69	27,66	27,10	20.924.100
30/04/2019 14:15	27,19	-0,18	-0,66	27,66	27,10	20.848.900
30/04/2019 14:14	27,18	-0,19	-0,69	27,66	27,10	20.783.700
30/04/2019 14:13	27,18	-0,19	-0,69	27,66	27,10	20.769.100
30/04/2019 14:12	27,19	-0,18	-0,66	27,66	27,10	20.735.800
30/04/2019 14:11	27,20	-0,17	-0,62	27,66	27,10	20.691.800
30/04/2019 14:10	27,19	-0,18	-0,66	27,66	27,10	20.602.500
30/04/2019 14:09	27,18	-0,19	-0,69	27,66	27,10	20.573.400
30/04/2019 14:08	27,18	-0,19	-0,69	27,66	27,10	20.554.000
30/04/2019 14:07	27,17	-0,20	-0,73	27,66	27,10	20.529.800
30/04/2019 14:06	27,16	-0,21	-0,77	27,66	27,10	20.505.500
30/04/2019 14:05	27,17	-0,20	-0,73	27,66	27,10	20.490.800
30/04/2019 14:04	27,16	-0,21	-0,77	27,66	27,10	20.466.200
30/04/2019 14:03	27,16	-0,21	-0,77	27,66	27,10	20.439.100
30/04/2019 14:02	27,15	-0,22	-0,80	27,66	27,10	20.414.100
30/04/2019 14:01	27,18	-0,19	-0,69	27,66	27,10	20.376.200
30/04/2019 14:00	27,17	-0,20	-0,73	27,66	27,10	20.313.000
30/04/2019 13:59	27,13	-0,24	-0,88	27,66	27,10	20.174.000
30/04/2019 13:58	27,14	-0,23	-0,84	27,66	27,10	20.153.400
30/04/2019 13:57	27,15	-0,22	-0,80	27,66	27,10	19.944.100
30/04/2019 13:56	27,15	-0,22	-0,80	27,66	27,10	19.904.400
30/04/2019 13:55	27,13	-0,24	-0,88	27,66	27,10	19.886.500
30/04/2019 13:54	27,13	-0,24	-0,88	27,66	27,10	19.776.900
30/04/2019 13:53	27,13	-0,24	-0,88	27,66	27,10	19.755.400
30/04/2019 13:52	27,15	-0,22	-0,80	27,66	27,10	19.714.000
30/04/2019 13:51	27,15	-0,22	-0,80	27,66	27,10	19.563.800
30/04/2019 13:50	27,16	-0,21	-0,77	27,66	27,10	19.513.200
30/04/2019 13:49	27,17	-0,20	-0,73	27,66	27,10	19.306.700
30/04/2019 13:48	27,17	-0,20	-0,73	27,66	27,10	19.287.600
30/04/2019 13:47	27,18	-0,19	-0,69	27,66	27,10	19.254.800
30/04/2019 13:46	27,16	-0,21	-0,77	27,66	27,10	19.210.300
30/04/2019 13:45	27,16	-0,21	-0,77	27,66	27,10	19.186.300
30/04/2019 13:44	27,17	-0,20	-0,73	27,66	27,10	19.156.800
30/04/2019 13:43	27,16	-0,21	-0,77	27,66	27,10	19.117.400
30/04/2019 13:42	27,16	-0,21	-0,77	27,66	27,10	19.048.100
30/04/2019 13:41	27,17	-0,20	-0,73	27,66	27,10	18.948.300
30/04/2019 13:40	27,17	-0,20	-0,73	27,66	27,10	18.928.400
30/04/2019 13:39	27,17	-0,20	-0,73	27,66	27,10	18.888.700
30/04/2019 13:38	27,16	-0,21	-0,77	27,66	27,10	18.857.500
30/04/2019 13:37	27,15	-0,22	-0,80	27,66	27,10	18.814.100
30/04/2019 13:36	27,16	-0,21	-0,77	27,66	27,10	18.703.600
30/04/2019 13:35	27,15	-0,22	-0,80	27,66	27,10	18.679.000
30/04/2019 13:34	27,16	-0,21	-0,77	27,66	27,10	18.607.600
30/04/2019 13:33	27,15	-0,22	-0,80	27,66	27,10	18.578.300
30/04/2019 13:32	27,16	-0,21	-0,77	27,66	27,10	18.553.900
30/04/2019 13:31	27,17	-0,20	-0,73	27,66	27,10	18.471.100
30/04/2019 13:30	27,17	-0,20	-0,73	27,66	27,10	18.432.600
30/04/2019 13:29	27,17	-0,20	-0,73	27,66	27,10	18.404.400
30/04/2019 13:28	27,18	-0,19	-0,69	27,66	27,10	18.372.100
30/04/2019 13:27	27,18	-0,19	-0,69	27,66	27,10	18.346.700
30/04/2019 13:26	27,18	-0,19	-0,69	27,66	27,10	18.286.500
30/04/2019 13:25	27,18	-0,19	-0,69	27,66	27,10	18.251.500
30/04/2019 13:24	27,19	-0,18	-0,66	27,66	27,10	18.219.900
30/04/2019 13:23	27,17	-0,20	-0,73	27,66	27,10	18.170.100
30/04/2019 13:22	27,17	-0,20	-0,73	27,66	27,10	18.158.000
30/04/2019 13:21	27,17	-0,20	-0,73	27,66	27,10	18.110.800
30/04/2019 13:20	27,16	-0,21	-0,77	27,66	27,10	18.100.500
30/04/2019 13:19	27,16	-0,21	-0,77	27,66	27,10	18.078.700
30/04/2019 13:18	27,17	-0,20	-0,73	27,66	27,10	18.049.200
30/04/2019 13:17	27,16	-0,21	-0,77	27,66	27,10	18.003.700
30/04/2019 13:16	27,17	-0,20	-0,73	27,66	27,10	17.978.000
30/04/2019 13:15	27,17	-0,20	-0,73	27,66	27,10	17.941.500
30/04/2019 13:14	27,19	-0,18	-0,66	27,66	27,10	17.907.100
30/04/2019 13:13	27,18	-0,19	-0,69	27,66	27,10	17.827.300
30/04/2019 13:12	27,18	-0,19	-0,69	27,66	27,10	17.818.100
30/04/2019 13:11	27,17	-0,20	-0,73	27,66	27,10	17.774.700
30/04/2019 13:10	27,17	-0,20	-0,73	27,66	27,10	17.763.800
30/04/2019 13:09	27,17	-0,20	-0,73	27,66	27,10	17.746.900
30/04/2019 13:08	27,16	-0,21	-0,77	27,66	27,10	17.719.200
30/04/2019 13:07	27,18	-0,19	-0,69	27,66	27,10	17.683.900
30/04/2019 13:06	27,18	-0,19	-0,69	27,66	27,10	17.626.300
30/04/2019 13:05	27,16	-0,21	-0,77	27,66	27,10	17.596.700
30/04/2019 13:04	27,17	-0,20	-0,73	27,66	27,10	17.454.400
30/04/2019 13:03	27,19	-0,18	-0,66	27,66	27,10	17.411.500
30/04/2019 13:02	27,18	-0,19	-0,69	27,66	27,10	17.338.400
30/04/2019 13:01	27,17	-0,20	-0,73	27,66	27,10	17.300.000
30/04/2019 13:00	27,17	-0,20	-0,73	27,66	27,10	17.172.100
30/04/2019 12:59	27,19	-0,18	-0,66	27,66	27,10	17.143.800
30/04/2019 12:58	27,18	-0,19	-0,69	27,66	27,10	17.123.600
30/04/2019 12:57	27,19	-0,18	-0,66	27,66	27,10	16.947.600
30/04/2019 12:56	27,21	-0,16	-0,58	27,66	27,10	16.867.400
30/04/2019 12:55	27,20	-0,17	-0,62	27,66	27,10	16.802.600
30/04/2019 12:54	27,19	-0,18	-0,66	27,66	27,10	16.704.500
30/04/2019 12:53	27,18	-0,19	-0,69	27,66	27,10	16.670.400
30/04/2019 12:52	27,18	-0,19	-0,69	27,66	27,10	16.644.100
30/04/2019 12:51	27,19	-0,18	-0,66	27,66	27,10	16.586.900
30/04/2019 12:50	27,19	-0,18	-0,66	27,66	27,10	16.549.800
30/04/2019 12:49	27,18	-0,19	-0,69	27,66	27,10	16.269.500
30/04/2019 12:48	27,23	-0,14	-0,51	27,66	27,10	15.931.200
30/04/2019 12:47	27,21	-0,16	-0,58	27,66	27,10	15.865.200
30/04/2019 12:46	27,24	-0,13	-0,47	27,66	27,10	15.703.200
30/04/2019 12:45	27,24	-0,13	-0,47	27,66	27,10	15.681.800
30/04/2019 12:44	27,26	-0,11	-0,40	27,66	27,10	15.648.000
30/04/2019 12:43	27,23	-0,14	-0,51	27,66	27,10	15.566.600
30/04/2019 12:42	27,24	-0,13	-0,47	27,66	27,10	15.476.100
30/04/2019 12:41	27,22	-0,15	-0,55	27,66	27,10	15.442.900
30/04/2019 12:40	27,25	-0,12	-0,44	27,66	27,10	15.332.400
30/04/2019 12:39	27,29	-0,08	-0,29	27,66	27,10	15.258.500
30/04/2019 12:38	27,32	-0,05	-0,18	27,66	27,10	15.105.700
30/04/2019 12:37	27,26	-0,11	-0,40	27,66	27,10	14.820.900
30/04/2019 12:36	27,26	-0,11	-0,40	27,66	27,10	14.776.400
30/04/2019 12:35	27,28	-0,09	-0,33	27,66	27,10	14.732.100
30/04/2019 12:34	27,28	-0,09	-0,33	27,66	27,10	14.706.900
30/04/2019 12:33	27,27	-0,10	-0,37	27,66	27,10	14.695.300
30/04/2019 12:32	27,29	-0,08	-0,29	27,66	27,10	14.671.500
30/04/2019 12:31	27,29	-0,08	-0,29	27,66	27,10	14.652.100
30/04/2019 12:30	27,28	-0,09	-0,33	27,66	27,10	14.602.100
30/04/2019 12:29	27,25	-0,12	-0,44	27,66	27,10	14.556.000
30/04/2019 12:28	27,24	-0,13	-0,47	27,66	27,10	14.518.500
30/04/2019 12:27	27,25	-0,12	-0,44	27,66	27,10	14.487.600
30/04/2019 12:26	27,28	-0,09	-0,33	27,66	27,10	14.414.200
30/04/2019 12:25	27,27	-0,10	-0,37	27,66	27,10	14.386.700
30/04/2019 12:24	27,30	-0,07	-0,26	27,66	27,10	14.295.000
30/04/2019 12:23	27,31	-0,06	-0,22	27,66	27,10	14.250.000
30/04/2019 12:22	27,28	-0,09	-0,33	27,66	27,10	13.998.900
30/04/2019 12:21	27,26	-0,11	-0,40	27,66	27,10	13.896.600
30/04/2019 12:20	27,25	-0,12	-0,44	27,66	27,10	13.871.700
30/04/2019 12:19	27,27	-0,10	-0,37	27,66	27,10	13.841.000
30/04/2019 12:18	27,25	-0,12	-0,44	27,66	27,10	13.717.100
30/04/2019 12:17	27,29	-0,08	-0,29	27,66	27,10	13.540.800
30/04/2019 12:16	27,26	-0,11	-0,40	27,66	27,10	13.393.500
30/04/2019 12:15	27,27	-0,10	-0,37	27,66	27,10	13.370.400
30/04/2019 12:14	27,25	-0,12	-0,44	27,66	27,10	13.298.400
30/04/2019 12:13	27,22	-0,15	-0,55	27,66	27,10	13.176.900
30/04/2019 12:12	27,22	-0,15	-0,55	27,66	27,10	13.162.200
30/04/2019 12:11	27,22	-0,15	-0,55	27,66	27,10	13.136.300
30/04/2019 12:10	27,21	-0,16	-0,58	27,66	27,10	13.088.700
30/04/2019 12:09	27,18	-0,19	-0,69	27,66	27,10	13.044.400
30/04/2019 12:08	27,14	-0,23	-0,84	27,66	27,10	12.895.300
30/04/2019 12:07	27,17	-0,20	-0,73	27,66	27,10	12.818.500
30/04/2019 12:06	27,17	-0,20	-0,73	27,66	27,10	12.683.000
30/04/2019 12:05	27,15	-0,22	-0,80	27,66	27,12	12.387.800
30/04/2019 12:04	27,21	-0,16	-0,58	27,66	27,20	11.667.200
30/04/2019 12:03	27,22	-0,15	-0,55	27,66	27,20	11.359.300
30/04/2019 12:02	27,24	-0,13	-0,47	27,66	27,20	11.203.800
30/04/2019 12:01	27,25	-0,12	-0,44	27,66	27,20	11.190.400
30/04/2019 12:00	27,25	-0,12	-0,44	27,66	27,20	11.149.000
30/04/2019 11:59	27,23	-0,14	-0,51	27,66	27,20	11.040.500
30/04/2019 11:58	27,25	-0,12	-0,44	27,66	27,20	10.817.700
30/04/2019 11:57	27,25	-0,12	-0,44	27,66	27,20	10.794.500
30/04/2019 11:56	27,26	-0,11	-0,40	27,66	27,20	10.770.200
30/04/2019 11:55	27,25	-0,12	-0,44	27,66	27,20	10.729.400
30/04/2019 11:54	27,24	-0,13	-0,47	27,66	27,20	10.560.600
30/04/2019 11:53	27,24	-0,13	-0,47	27,66	27,20	10.465.900
30/04/2019 11:52	27,23	-0,14	-0,51	27,66	27,20	10.365.900
30/04/2019 11:51	27,27	-0,10	-0,37	27,66	27,20	10.290.200
30/04/2019 11:50	27,27	-0,10	-0,37	27,66	27,20	10.231.800
30/04/2019 11:49	27,25	-0,12	-0,44	27,66	27,20	10.065.600
30/04/2019 11:48	27,27	-0,10	-0,37	27,66	27,20	10.040.300
30/04/2019 11:47	27,27	-0,10	-0,37	27,66	27,20	10.025.400
30/04/2019 11:46	27,27	-0,10	-0,37	27,66	27,20	9.952.800
30/04/2019 11:45	27,27	-0,10	-0,37	27,66	27,20	9.759.600
30/04/2019 11:44	27,25	-0,12	-0,44	27,66	27,20	9.724.700
30/04/2019 11:43	27,27	-0,10	-0,37	27,66	27,20	9.685.200
30/04/2019 11:42	27,27	-0,10	-0,37	27,66	27,20	9.658.700
30/04/2019 11:41	27,25	-0,12	-0,44	27,66	27,20	9.569.800
30/04/2019 11:40	27,23	-0,14	-0,51	27,66	27,20	9.554.200
30/04/2019 11:39	27,23	-0,14	-0,51	27,66	27,20	9.544.600
30/04/2019 11:38	27,23	-0,14	-0,51	27,66	27,20	9.537.500
30/04/2019 11:37	27,23	-0,14	-0,51	27,66	27,20	9.479.300
30/04/2019 11:36	27,27	-0,10	-0,37	27,66	27,20	9.422.900
30/04/2019 11:35	27,29	-0,08	-0,29	27,66	27,20	9.406.000
30/04/2019 11:34	27,29	-0,08	-0,29	27,66	27,20	9.290.900
30/04/2019 11:33	27,28	-0,09	-0,33	27,66	27,20	9.150.800
30/04/2019 11:32	27,28	-0,09	-0,33	27,66	27,20	9.108.500
30/04/2019 11:31	27,23	-0,14	-0,51	27,66	27,20	9.029.300
30/04/2019 11:30	27,25	-0,12	-0,44	27,66	27,20	9.013.600
30/04/2019 11:29	27,23	-0,14	-0,51	27,66	27,20	8.984.600
30/04/2019 11:28	27,20	-0,17	-0,62	27,66	27,20	8.932.200
30/04/2019 11:27	27,23	-0,14	-0,51	27,66	27,20	8.804.200
30/04/2019 11:26	27,27	-0,10	-0,37	27,66	27,20	8.771.800
30/04/2019 11:25	27,26	-0,11	-0,40	27,66	27,20	8.704.000
30/04/2019 11:24	27,22	-0,15	-0,55	27,66	27,20	8.620.000
30/04/2019 11:23	27,27	-0,10	-0,37	27,66	27,20	8.388.600
30/04/2019 11:22	27,26	-0,11	-0,40	27,66	27,20	8.291.900
30/04/2019 11:21	27,23	-0,14	-0,51	27,66	27,20	8.253.600
30/04/2019 11:20	27,23	-0,14	-0,51	27,66	27,20	8.243.700
30/04/2019 11:19	27,23	-0,14	-0,51	27,66	27,20	8.216.700
30/04/2019 11:18	27,23	-0,14	-0,51	27,66	27,20	8.106.400
30/04/2019 11:17	27,26	-0,11	-0,40	27,66	27,20	8.019.300
30/04/2019 11:16	27,24	-0,13	-0,47	27,66	27,20	7.904.800
30/04/2019 11:15	27,26	-0,11	-0,40	27,66	27,20	7.783.900
30/04/2019 11:14	27,26	-0,11	-0,40	27,66	27,20	7.616.900
30/04/2019 11:13	27,20	-0,17	-0,62	27,66	27,20	7.466.400
30/04/2019 11:12	27,22	-0,15	-0,55	27,66	27,21	7.324.600
30/04/2019 11:11	27,29	-0,08	-0,29	27,66	27,28	7.106.000
30/04/2019 11:10	27,33	-0,04	-0,15	27,66	27,28	6.986.700
30/04/2019 11:09	27,33	-0,04	-0,15	27,66	27,28	6.955.400
30/04/2019 11:08	27,30	-0,07	-0,26	27,66	27,29	6.881.800
30/04/2019 11:07	27,43	0,06	0,22	27,66	27,35	6.416.900
30/04/2019 11:06	27,42	0,05	0,18	27,66	27,35	6.343.700
30/04/2019 11:05	27,40	0,03	0,11	27,66	27,35	6.252.200
30/04/2019 11:04	27,42	0,05	0,18	27,66	27,35	6.225.100
30/04/2019 11:03	27,37	0,00	0,00	27,66	27,36	6.090.700
30/04/2019 11:02	27,40	0,03	0,11	27,66	27,37	6.012.800
30/04/2019 11:01	27,41	0,04	0,15	27,66	27,37	5.949.900
30/04/2019 11:00	27,39	0,02	0,07	27,66	27,38	5.744.400
30/04/2019 10:59	27,43	0,06	0,22	27,66	27,41	5.572.800
30/04/2019 10:58	27,48	0,11	0,40	27,66	27,41	5.479.100
30/04/2019 10:57	27,48	0,11	0,40	27,66	27,41	5.432.000
30/04/2019 10:56	27,44	0,07	0,26	27,66	27,41	5.350.800
30/04/2019 10:55	27,47	0,10	0,37	27,66	27,43	5.176.100
30/04/2019 10:54	27,45	0,08	0,29	27,66	27,43	5.126.400
30/04/2019 10:53	27,44	0,07	0,26	27,66	27,43	4.959.100
30/04/2019 10:52	27,48	0,11	0,40	27,66	27,46	4.724.300
30/04/2019 10:51	27,55	0,18	0,66	27,66	27,46	4.552.100
30/04/2019 10:50	27,54	0,17	0,62	27,66	27,46	4.524.500
30/04/2019 10:49	27,55	0,18	0,66	27,66	27,46	4.504.600
30/04/2019 10:48	27,53	0,16	0,58	27,66	27,46	4.478.700
30/04/2019 10:47	27,57	0,20	0,73	27,66	27,46	4.326.300
30/04/2019 10:46	27,56	0,19	0,69	27,66	27,46	4.296.600
30/04/2019 10:45	27,56	0,19	0,69	27,66	27,46	4.253.400
30/04/2019 10:44	27,58	0,21	0,77	27,66	27,46	4.206.800
30/04/2019 10:43	27,57	0,20	0,73	27,66	27,46	4.162.600
30/04/2019 10:42	27,56	0,19	0,69	27,66	27,46	4.117.700
30/04/2019 10:41	27,57	0,20	0,73	27,66	27,46	4.050.500
30/04/2019 10:40	27,57	0,20	0,73	27,66	27,46	4.021.000
30/04/2019 10:39	27,59	0,22	0,80	27,66	27,46	3.974.500
30/04/2019 10:38	27,60	0,23	0,84	27,66	27,46	3.916.200
30/04/2019 10:37	27,61	0,24	0,88	27,66	27,46	3.678.200
30/04/2019 10:36	27,57	0,20	0,73	27,66	27,46	3.484.100
30/04/2019 10:35	27,54	0,17	0,62	27,66	27,46	3.416.700
30/04/2019 10:34	27,55	0,18	0,66	27,66	27,46	3.366.000
30/04/2019 10:33	27,52	0,15	0,55	27,66	27,46	3.277.600
30/04/2019 10:32	27,50	0,13	0,47	27,66	27,46	3.202.300
30/04/2019 10:31	27,49	0,12	0,44	27,66	27,46	3.182.300
30/04/2019 10:30	27,52	0,15	0,55	27,66	27,51	2.897.500
30/04/2019 10:29	27,54	0,17	0,62	27,66	27,51	2.794.400
30/04/2019 10:28	27,52	0,15	0,55	27,66	27,51	2.757.600
30/04/2019 10:27	27,54	0,17	0,62	27,66	27,51	2.737.400
30/04/2019 10:26	27,53	0,16	0,58	27,66	27,51	2.645.100
30/04/2019 10:25	27,52	0,15	0,55	27,66	27,51	2.586.700
30/04/2019 10:24	27,59	0,22	0,80	27,66	27,51	2.489.100
30/04/2019 10:23	27,59	0,22	0,80	27,66	27,51	2.466.200
30/04/2019 10:22	27,57	0,20	0,73	27,66	27,51	2.403.200
30/04/2019 10:21	27,56	0,19	0,69	27,66	27,51	2.376.000
30/04/2019 10:20	27,57	0,20	0,73	27,66	27,51	2.327.200
30/04/2019 10:19	27,57	0,20	0,73	27,66	27,51	2.223.500
30/04/2019 10:18	27,61	0,24	0,88	27,66	27,51	2.123.100
30/04/2019 10:17	27,62	0,25	0,91	27,66	27,51	2.053.700
30/04/2019 10:16	27,60	0,23	0,84	27,66	27,51	1.971.200
30/04/2019 10:15	27,57	0,20	0,73	27,66	27,51	1.900.100
30/04/2019 10:14	27,62	0,25	0,91	27,66	27,51	1.804.400
30/04/2019 10:13	27,66	0,29	1,06	27,66	27,51	1.766.100
30/04/2019 10:12	27,60	0,23	0,84	27,61	27,51	1.449.200
30/04/2019 10:11	27,59	0,22	0,80	27,60	27,51	1.149.600
30/04/2019 10:10	27,56	0,19	0,69	27,60	27,51	1.069.400
30/04/2019 10:09	27,59	0,22	0,80	27,59	27,52	689.100
30/04/2019 10:08	27,54	0,17	0,62	27,56	27,52	525.000