3/05/2019 17:12	50,40	1,46	2,98	50,63	49,39	10.549.900
3/05/2019 16:49	50,47	1,53	3,13	50,63	49,39	8.743.800
3/05/2019 16:48	50,46	1,52	3,11	50,63	49,39	8.714.400
3/05/2019 16:47	50,46	1,52	3,11	50,63	49,39	8.670.300
3/05/2019 16:46	50,47	1,53	3,13	50,63	49,39	8.661.700
3/05/2019 16:45	50,46	1,52	3,11	50,63	49,39	8.574.100
3/05/2019 16:44	50,44	1,50	3,06	50,63	49,39	8.546.300
3/05/2019 16:43	50,46	1,52	3,11	50,63	49,39	8.436.900
3/05/2019 16:42	50,46	1,52	3,11	50,63	49,39	8.429.000
3/05/2019 16:41	50,45	1,51	3,09	50,63	49,39	8.409.100
3/05/2019 16:40	50,46	1,52	3,11	50,63	49,39	8.395.500
3/05/2019 16:39	50,49	1,55	3,17	50,63	49,39	8.372.000
3/05/2019 16:38	50,45	1,51	3,09	50,63	49,39	8.364.700
3/05/2019 16:37	50,45	1,51	3,09	50,63	49,39	8.363.100
3/05/2019 16:36	50,47	1,53	3,13	50,63	49,39	8.352.100
3/05/2019 16:35	50,49	1,55	3,17	50,63	49,39	8.342.400
3/05/2019 16:34	50,51	1,57	3,21	50,63	49,39	8.331.700
3/05/2019 16:33	50,43	1,49	3,04	50,63	49,39	8.285.100
3/05/2019 16:32	50,42	1,48	3,02	50,63	49,39	8.270.400
3/05/2019 16:31	50,41	1,47	3,00	50,63	49,39	8.263.700
3/05/2019 16:30	50,41	1,47	3,00	50,63	49,39	8.253.700
3/05/2019 16:29	50,44	1,50	3,06	50,63	49,39	8.211.300
3/05/2019 16:28	50,43	1,49	3,04	50,63	49,39	8.206.600
3/05/2019 16:27	50,43	1,49	3,04	50,63	49,39	8.204.400
3/05/2019 16:26	50,43	1,49	3,04	50,63	49,39	8.199.800
3/05/2019 16:25	50,43	1,49	3,04	50,63	49,39	8.194.800
3/05/2019 16:24	50,44	1,50	3,06	50,63	49,39	8.188.100
3/05/2019 16:23	50,44	1,50	3,06	50,63	49,39	8.185.400
3/05/2019 16:22	50,44	1,50	3,06	50,63	49,39	8.181.900
3/05/2019 16:21	50,42	1,48	3,02	50,63	49,39	8.171.100
3/05/2019 16:20	50,40	1,46	2,98	50,63	49,39	8.167.300
3/05/2019 16:19	50,43	1,49	3,04	50,63	49,39	8.089.200
3/05/2019 16:18	50,47	1,53	3,13	50,63	49,39	8.044.600
3/05/2019 16:17	50,48	1,54	3,15	50,63	49,39	8.035.800
3/05/2019 16:16	50,44	1,50	3,06	50,63	49,39	8.013.700
3/05/2019 16:15	50,43	1,49	3,04	50,63	49,39	8.000.100
3/05/2019 16:14	50,44	1,50	3,06	50,63	49,39	7.986.000
3/05/2019 16:13	50,43	1,49	3,04	50,63	49,39	7.976.000
3/05/2019 16:12	50,42	1,48	3,02	50,63	49,39	7.972.800
3/05/2019 16:11	50,47	1,53	3,13	50,63	49,39	7.959.100
3/05/2019 16:10	50,47	1,53	3,13	50,63	49,39	7.953.500
3/05/2019 16:09	50,49	1,55	3,17	50,63	49,39	7.950.400
3/05/2019 16:08	50,49	1,55	3,17	50,63	49,39	7.946.600
3/05/2019 16:07	50,49	1,55	3,17	50,63	49,39	7.944.800
3/05/2019 16:06	50,49	1,55	3,17	50,63	49,39	7.938.600
3/05/2019 16:05	50,50	1,56	3,19	50,63	49,39	7.929.100
3/05/2019 16:04	50,47	1,53	3,13	50,63	49,39	7.915.100
3/05/2019 16:03	50,52	1,58	3,23	50,63	49,39	7.827.900
3/05/2019 16:02	50,52	1,58	3,23	50,63	49,39	7.821.700
3/05/2019 16:01	50,54	1,60	3,27	50,63	49,39	7.814.800
3/05/2019 16:00	50,58	1,64	3,35	50,63	49,39	7.757.400
3/05/2019 15:59	50,60	1,66	3,39	50,63	49,39	7.624.800
3/05/2019 15:58	50,57	1,63	3,33	50,63	49,39	7.596.700
3/05/2019 15:57	50,57	1,63	3,33	50,63	49,39	7.584.900
3/05/2019 15:56	50,57	1,63	3,33	50,63	49,39	7.575.600
3/05/2019 15:55	50,58	1,64	3,35	50,63	49,39	7.557.900
3/05/2019 15:54	50,59	1,65	3,37	50,63	49,39	7.549.200
3/05/2019 15:53	50,60	1,66	3,39	50,63	49,39	7.523.000
3/05/2019 15:52	50,62	1,68	3,43	50,62	49,39	7.459.100
3/05/2019 15:51	50,59	1,65	3,37	50,62	49,39	7.428.300
3/05/2019 15:50	50,55	1,61	3,29	50,56	49,39	7.266.900
3/05/2019 15:49	50,48	1,54	3,15	50,56	49,39	7.157.300
3/05/2019 15:48	50,48	1,54	3,15	50,56	49,39	7.142.300
3/05/2019 15:47	50,44	1,50	3,06	50,56	49,39	7.083.200
3/05/2019 15:46	50,45	1,51	3,09	50,56	49,39	7.078.500
3/05/2019 15:45	50,43	1,49	3,04	50,56	49,39	7.071.100
3/05/2019 15:44	50,42	1,48	3,02	50,56	49,39	7.044.700
3/05/2019 15:43	50,44	1,50	3,06	50,56	49,39	7.041.200
3/05/2019 15:42	50,39	1,45	2,96	50,56	49,39	7.008.600
3/05/2019 15:41	50,38	1,44	2,94	50,56	49,39	7.002.800
3/05/2019 15:40	50,38	1,44	2,94	50,56	49,39	6.993.500
3/05/2019 15:39	50,37	1,43	2,92	50,56	49,39	6.981.100
3/05/2019 15:38	50,39	1,45	2,96	50,56	49,39	6.959.900
3/05/2019 15:37	50,40	1,46	2,98	50,56	49,39	6.955.900
3/05/2019 15:36	50,39	1,45	2,96	50,56	49,39	6.952.200
3/05/2019 15:35	50,42	1,48	3,02	50,56	49,39	6.937.400
3/05/2019 15:34	50,42	1,48	3,02	50,56	49,39	6.932.300
3/05/2019 15:33	50,41	1,47	3,00	50,56	49,39	6.928.900
3/05/2019 15:32	50,40	1,46	2,98	50,56	49,39	6.922.600
3/05/2019 15:31	50,38	1,44	2,94	50,56	49,39	6.916.900
3/05/2019 15:30	50,38	1,44	2,94	50,56	49,39	6.899.900
3/05/2019 15:29	50,37	1,43	2,92	50,56	49,39	6.888.200
3/05/2019 15:28	50,37	1,43	2,92	50,56	49,39	6.885.800
3/05/2019 15:27	50,38	1,44	2,94	50,56	49,39	6.877.600
3/05/2019 15:26	50,39	1,45	2,96	50,56	49,39	6.864.000
3/05/2019 15:25	50,40	1,46	2,98	50,56	49,39	6.847.500
3/05/2019 15:24	50,41	1,47	3,00	50,56	49,39	6.824.500
3/05/2019 15:23	50,42	1,48	3,02	50,56	49,39	6.818.500
3/05/2019 15:22	50,42	1,48	3,02	50,56	49,39	6.814.200
3/05/2019 15:21	50,43	1,49	3,04	50,56	49,39	6.804.100
3/05/2019 15:20	50,45	1,51	3,09	50,56	49,39	6.774.300
3/05/2019 15:19	50,46	1,52	3,11	50,56	49,39	6.768.800
3/05/2019 15:18	50,43	1,49	3,04	50,56	49,39	6.707.800
3/05/2019 15:17	50,42	1,48	3,02	50,56	49,39	6.689.600
3/05/2019 15:16	50,40	1,46	2,98	50,56	49,39	6.674.300
3/05/2019 15:15	50,39	1,45	2,96	50,56	49,39	6.658.300
3/05/2019 15:14	50,37	1,43	2,92	50,56	49,39	6.640.600
3/05/2019 15:13	50,39	1,45	2,96	50,56	49,39	6.622.000
3/05/2019 15:12	50,40	1,46	2,98	50,56	49,39	6.603.400
3/05/2019 15:11	50,39	1,45	2,96	50,56	49,39	6.595.400
3/05/2019 15:10	50,41	1,47	3,00	50,56	49,39	6.592.200
3/05/2019 15:09	50,41	1,47	3,00	50,56	49,39	6.587.100
3/05/2019 15:08	50,41	1,47	3,00	50,56	49,39	6.575.400
3/05/2019 15:07	50,42	1,48	3,02	50,56	49,39	6.567.500
3/05/2019 15:06	50,42	1,48	3,02	50,56	49,39	6.557.500
3/05/2019 15:05	50,41	1,47	3,00	50,56	49,39	6.537.900
3/05/2019 15:04	50,40	1,46	2,98	50,56	49,39	6.533.100
3/05/2019 15:03	50,39	1,45	2,96	50,56	49,39	6.525.400
3/05/2019 15:02	50,39	1,45	2,96	50,56	49,39	6.512.800
3/05/2019 15:01	50,39	1,45	2,96	50,56	49,39	6.499.800
3/05/2019 15:00	50,39	1,45	2,96	50,56	49,39	6.403.400
3/05/2019 14:59	50,39	1,45	2,96	50,56	49,39	6.375.400
3/05/2019 14:58	50,40	1,46	2,98	50,56	49,39	6.367.700
3/05/2019 14:57	50,42	1,48	3,02	50,56	49,39	6.293.600
3/05/2019 14:56	50,41	1,47	3,00	50,56	49,39	6.283.800
3/05/2019 14:55	50,41	1,47	3,00	50,56	49,39	6.277.600
3/05/2019 14:54	50,41	1,47	3,00	50,56	49,39	6.274.500
3/05/2019 14:53	50,41	1,47	3,00	50,56	49,39	6.265.700
3/05/2019 14:52	50,42	1,48	3,02	50,56	49,39	6.252.700
3/05/2019 14:51	50,40	1,46	2,98	50,56	49,39	6.228.500
3/05/2019 14:50	50,40	1,46	2,98	50,56	49,39	6.221.200
3/05/2019 14:49	50,39	1,45	2,96	50,56	49,39	6.205.400
3/05/2019 14:48	50,38	1,44	2,94	50,56	49,39	6.185.700
3/05/2019 14:47	50,37	1,43	2,92	50,56	49,39	6.182.600
3/05/2019 14:46	50,37	1,43	2,92	50,56	49,39	6.173.600
3/05/2019 14:45	50,36	1,42	2,90	50,56	49,39	6.167.400
3/05/2019 14:44	50,36	1,42	2,90	50,56	49,39	6.142.600
3/05/2019 14:43	50,38	1,44	2,94	50,56	49,39	6.128.500
3/05/2019 14:42	50,41	1,47	3,00	50,56	49,39	6.119.000
3/05/2019 14:41	50,39	1,45	2,96	50,56	49,39	6.029.700
3/05/2019 14:40	50,39	1,45	2,96	50,56	49,39	5.987.000
3/05/2019 14:39	50,38	1,44	2,94	50,56	49,39	5.979.000
3/05/2019 14:38	50,39	1,45	2,96	50,56	49,39	5.968.200
3/05/2019 14:37	50,38	1,44	2,94	50,56	49,39	5.954.200
3/05/2019 14:36	50,37	1,43	2,92	50,56	49,39	5.950.300
3/05/2019 14:35	50,36	1,42	2,90	50,56	49,39	5.935.300
3/05/2019 14:34	50,36	1,42	2,90	50,56	49,39	5.916.900
3/05/2019 14:33	50,36	1,42	2,90	50,56	49,39	5.913.700
3/05/2019 14:32	50,34	1,40	2,86	50,56	49,39	5.906.200
3/05/2019 14:31	50,34	1,40	2,86	50,56	49,39	5.900.800
3/05/2019 14:30	50,33	1,39	2,84	50,56	49,39	5.888.800
3/05/2019 14:29	50,32	1,38	2,82	50,56	49,39	5.861.900
3/05/2019 14:28	50,32	1,38	2,82	50,56	49,39	5.856.300
3/05/2019 14:27	50,34	1,40	2,86	50,56	49,39	5.840.500
3/05/2019 14:26	50,32	1,38	2,82	50,56	49,39	5.836.200
3/05/2019 14:25	50,34	1,40	2,86	50,56	49,39	5.819.800
3/05/2019 14:24	50,35	1,41	2,88	50,56	49,39	5.817.600
3/05/2019 14:23	50,35	1,41	2,88	50,56	49,39	5.815.300
3/05/2019 14:22	50,36	1,42	2,90	50,56	49,39	5.809.700
3/05/2019 14:21	50,35	1,41	2,88	50,56	49,39	5.790.100
3/05/2019 14:20	50,34	1,40	2,86	50,56	49,39	5.756.600
3/05/2019 14:19	50,34	1,40	2,86	50,56	49,39	5.743.900
3/05/2019 14:18	50,34	1,40	2,86	50,56	49,39	5.740.600
3/05/2019 14:17	50,33	1,39	2,84	50,56	49,39	5.722.700
3/05/2019 14:16	50,30	1,36	2,78	50,56	49,39	5.700.200
3/05/2019 14:15	50,35	1,41	2,88	50,56	49,39	5.657.000
3/05/2019 14:14	50,36	1,42	2,90	50,56	49,39	5.647.800
3/05/2019 14:13	50,36	1,42	2,90	50,56	49,39	5.637.900
3/05/2019 14:12	50,36	1,42	2,90	50,56	49,39	5.627.600
3/05/2019 14:11	50,36	1,42	2,90	50,56	49,39	5.616.000
3/05/2019 14:10	50,37	1,43	2,92	50,56	49,39	5.599.900
3/05/2019 14:09	50,36	1,42	2,90	50,56	49,39	5.597.900
3/05/2019 14:08	50,38	1,44	2,94	50,56	49,39	5.579.700
3/05/2019 14:07	50,39	1,45	2,96	50,56	49,39	5.567.900
3/05/2019 14:06	50,37	1,43	2,92	50,56	49,39	5.562.600
3/05/2019 14:05	50,38	1,44	2,94	50,56	49,39	5.559.700
3/05/2019 14:04	50,40	1,46	2,98	50,56	49,39	5.553.400
3/05/2019 14:03	50,40	1,46	2,98	50,56	49,39	5.548.800
3/05/2019 14:02	50,39	1,45	2,96	50,56	49,39	5.543.900
3/05/2019 14:01	50,38	1,44	2,94	50,56	49,39	5.541.100
3/05/2019 14:00	50,39	1,45	2,96	50,56	49,39	5.501.900
3/05/2019 13:59	50,38	1,44	2,94	50,56	49,39	5.500.400
3/05/2019 13:58	50,39	1,45	2,96	50,56	49,39	5.499.500
3/05/2019 13:57	50,40	1,46	2,98	50,56	49,39	5.485.600
3/05/2019 13:56	50,39	1,45	2,96	50,56	49,39	5.468.100
3/05/2019 13:55	50,39	1,45	2,96	50,56	49,39	5.459.300
3/05/2019 13:54	50,39	1,45	2,96	50,56	49,39	5.456.300
3/05/2019 13:53	50,40	1,46	2,98	50,56	49,39	5.450.900
3/05/2019 13:52	50,39	1,45	2,96	50,56	49,39	5.446.000
3/05/2019 13:51	50,39	1,45	2,96	50,56	49,39	5.441.100
3/05/2019 13:50	50,38	1,44	2,94	50,56	49,39	5.439.600
3/05/2019 13:49	50,38	1,44	2,94	50,56	49,39	5.438.600
3/05/2019 13:48	50,39	1,45	2,96	50,56	49,39	5.415.500
3/05/2019 13:47	50,38	1,44	2,94	50,56	49,39	5.414.100
3/05/2019 13:46	50,38	1,44	2,94	50,56	49,39	5.413.000
3/05/2019 13:45	50,40	1,46	2,98	50,56	49,39	5.411.100
3/05/2019 13:44	50,38	1,44	2,94	50,56	49,39	5.408.700
3/05/2019 13:43	50,38	1,44	2,94	50,56	49,39	5.407.700
3/05/2019 13:42	50,37	1,43	2,92	50,56	49,39	5.404.500
3/05/2019 13:41	50,38	1,44	2,94	50,56	49,39	5.402.200
3/05/2019 13:40	50,41	1,47	3,00	50,56	49,39	5.378.900
3/05/2019 13:39	50,41	1,47	3,00	50,56	49,39	5.377.500
3/05/2019 13:38	50,41	1,47	3,00	50,56	49,39	5.374.800
3/05/2019 13:37	50,38	1,44	2,94	50,56	49,39	5.365.400
3/05/2019 13:36	50,39	1,45	2,96	50,56	49,39	5.364.500
3/05/2019 13:35	50,39	1,45	2,96	50,56	49,39	5.361.700
3/05/2019 13:34	50,39	1,45	2,96	50,56	49,39	5.360.200
3/05/2019 13:33	50,39	1,45	2,96	50,56	49,39	5.358.900
3/05/2019 13:32	50,39	1,45	2,96	50,56	49,39	5.353.700
3/05/2019 13:31	50,39	1,45	2,96	50,56	49,39	5.348.200
3/05/2019 13:30	50,41	1,47	3,00	50,56	49,39	5.337.100
3/05/2019 13:29	50,39	1,45	2,96	50,56	49,39	5.320.500
3/05/2019 13:28	50,40	1,46	2,98	50,56	49,39	5.312.000
3/05/2019 13:27	50,40	1,46	2,98	50,56	49,39	5.306.000
3/05/2019 13:26	50,34	1,40	2,86	50,56	49,39	5.287.400
3/05/2019 13:25	50,34	1,40	2,86	50,56	49,39	5.285.000
3/05/2019 13:24	50,36	1,42	2,90	50,56	49,39	5.272.600
3/05/2019 13:23	50,36	1,42	2,90	50,56	49,39	5.269.700
3/05/2019 13:22	50,41	1,47	3,00	50,56	49,39	5.264.400
3/05/2019 13:21	50,41	1,47	3,00	50,56	49,39	5.260.200
3/05/2019 13:20	50,40	1,46	2,98	50,56	49,39	5.258.300
3/05/2019 13:19	50,40	1,46	2,98	50,56	49,39	5.257.100
3/05/2019 13:18	50,40	1,46	2,98	50,56	49,39	5.255.900
3/05/2019 13:17	50,40	1,46	2,98	50,56	49,39	5.252.800
3/05/2019 13:16	50,39	1,45	2,96	50,56	49,39	5.250.900
3/05/2019 13:15	50,36	1,42	2,90	50,56	49,39	5.244.300
3/05/2019 13:14	50,38	1,44	2,94	50,56	49,39	5.239.700
3/05/2019 13:13	50,37	1,43	2,92	50,56	49,39	5.236.500
3/05/2019 13:12	50,38	1,44	2,94	50,56	49,39	5.231.500
3/05/2019 13:11	50,37	1,43	2,92	50,56	49,39	5.223.300
3/05/2019 13:10	50,39	1,45	2,96	50,56	49,39	5.222.100
3/05/2019 13:09	50,42	1,48	3,02	50,56	49,39	5.200.900
3/05/2019 13:08	50,41	1,47	3,00	50,56	49,39	5.198.700
3/05/2019 13:07	50,41	1,47	3,00	50,56	49,39	5.197.300
3/05/2019 13:06	50,42	1,48	3,02	50,56	49,39	5.195.400
3/05/2019 13:05	50,43	1,49	3,04	50,56	49,39	5.193.900
3/05/2019 13:04	50,42	1,48	3,02	50,56	49,39	5.191.200
3/05/2019 13:03	50,44	1,50	3,06	50,56	49,39	5.186.000
3/05/2019 13:02	50,41	1,47	3,00	50,56	49,39	5.177.300
3/05/2019 13:01	50,40	1,46	2,98	50,56	49,39	5.173.900
3/05/2019 13:00	50,40	1,46	2,98	50,56	49,39	5.172.300
3/05/2019 12:59	50,40	1,46	2,98	50,56	49,39	5.169.900
3/05/2019 12:58	50,42	1,48	3,02	50,56	49,39	5.164.700
3/05/2019 12:57	50,44	1,50	3,06	50,56	49,39	5.160.000
3/05/2019 12:56	50,43	1,49	3,04	50,56	49,39	5.156.000
3/05/2019 12:55	50,43	1,49	3,04	50,56	49,39	5.147.500
3/05/2019 12:54	50,42	1,48	3,02	50,56	49,39	5.122.000
3/05/2019 12:53	50,42	1,48	3,02	50,56	49,39	5.116.200
3/05/2019 12:52	50,41	1,47	3,00	50,56	49,39	5.103.000
3/05/2019 12:51	50,37	1,43	2,92	50,56	49,39	5.085.900
3/05/2019 12:50	50,36	1,42	2,90	50,56	49,39	5.076.700
3/05/2019 12:49	50,37	1,43	2,92	50,56	49,39	5.068.700
3/05/2019 12:48	50,34	1,40	2,86	50,56	49,39	5.065.700
3/05/2019 12:47	50,35	1,41	2,88	50,56	49,39	5.059.900
3/05/2019 12:46	50,36	1,42	2,90	50,56	49,39	5.055.800
3/05/2019 12:45	50,37	1,43	2,92	50,56	49,39	5.052.600
3/05/2019 12:44	50,33	1,39	2,84	50,56	49,39	5.034.500
3/05/2019 12:43	50,33	1,39	2,84	50,56	49,39	5.033.400
3/05/2019 12:42	50,31	1,37	2,80	50,56	49,39	5.030.200
3/05/2019 12:41	50,34	1,40	2,86	50,56	49,39	5.028.000
3/05/2019 12:40	50,30	1,36	2,78	50,56	49,39	4.947.300
3/05/2019 12:39	50,32	1,38	2,82	50,56	49,39	4.881.900
3/05/2019 12:38	50,38	1,44	2,94	50,56	49,39	4.861.400
3/05/2019 12:37	50,35	1,41	2,88	50,56	49,39	4.854.900
3/05/2019 12:36	50,35	1,41	2,88	50,56	49,39	4.845.500
3/05/2019 12:35	50,37	1,43	2,92	50,56	49,39	4.824.900
3/05/2019 12:34	50,39	1,45	2,96	50,56	49,39	4.818.500
3/05/2019 12:33	50,35	1,41	2,88	50,56	49,39	4.774.700
3/05/2019 12:32	50,32	1,38	2,82	50,56	49,39	4.744.400
3/05/2019 12:31	50,35	1,41	2,88	50,56	49,39	4.714.200
3/05/2019 12:30	50,37	1,43	2,92	50,56	49,39	4.679.100
3/05/2019 12:29	50,37	1,43	2,92	50,56	49,39	4.658.600
3/05/2019 12:28	50,38	1,44	2,94	50,56	49,39	4.620.600
3/05/2019 12:27	50,37	1,43	2,92	50,56	49,39	4.616.400
3/05/2019 12:26	50,41	1,47	3,00	50,56	49,39	4.604.700
3/05/2019 12:25	50,40	1,46	2,98	50,56	49,39	4.601.600
3/05/2019 12:24	50,37	1,43	2,92	50,56	49,39	4.594.900
3/05/2019 12:23	50,37	1,43	2,92	50,56	49,39	4.593.500
3/05/2019 12:22	50,41	1,47	3,00	50,56	49,39	4.581.900
3/05/2019 12:21	50,44	1,50	3,06	50,56	49,39	4.574.300
3/05/2019 12:20	50,43	1,49	3,04	50,56	49,39	4.571.000
3/05/2019 12:19	50,45	1,51	3,09	50,56	49,39	4.560.200
3/05/2019 12:18	50,49	1,55	3,17	50,56	49,39	4.555.700
3/05/2019 12:17	50,48	1,54	3,15	50,56	49,39	4.544.300
3/05/2019 12:16	50,46	1,52	3,11	50,56	49,39	4.535.400
3/05/2019 12:15	50,48	1,54	3,15	50,56	49,39	4.524.900
3/05/2019 12:14	50,47	1,53	3,13	50,56	49,39	4.523.800
3/05/2019 12:13	50,45	1,51	3,09	50,56	49,39	4.509.800
3/05/2019 12:12	50,44	1,50	3,06	50,56	49,39	4.476.700
3/05/2019 12:11	50,45	1,51	3,09	50,56	49,39	4.471.500
3/05/2019 12:10	50,44	1,50	3,06	50,56	49,39	4.455.600
3/05/2019 12:09	50,46	1,52	3,11	50,56	49,39	4.449.400
3/05/2019 12:08	50,50	1,56	3,19	50,56	49,39	4.447.600
3/05/2019 12:07	50,47	1,53	3,13	50,56	49,39	4.440.300
3/05/2019 12:06	50,46	1,52	3,11	50,56	49,39	4.436.400
3/05/2019 12:05	50,44	1,50	3,06	50,56	49,39	4.432.100
3/05/2019 12:04	50,43	1,49	3,04	50,56	49,39	4.419.600
3/05/2019 12:03	50,48	1,54	3,15	50,56	49,39	4.411.500
3/05/2019 12:02	50,53	1,59	3,25	50,56	49,39	4.406.300
3/05/2019 12:01	50,46	1,52	3,11	50,56	49,39	4.381.400
3/05/2019 12:00	50,49	1,55	3,17	50,56	49,39	4.375.300
3/05/2019 11:59	50,47	1,53	3,13	50,56	49,39	4.364.900
3/05/2019 11:58	50,43	1,49	3,04	50,56	49,39	4.330.900
3/05/2019 11:57	50,42	1,48	3,02	50,56	49,39	4.323.500
3/05/2019 11:56	50,43	1,49	3,04	50,56	49,39	4.316.900
3/05/2019 11:55	50,49	1,55	3,17	50,56	49,39	4.290.100
3/05/2019 11:54	50,48	1,54	3,15	50,56	49,39	4.281.000
3/05/2019 11:53	50,46	1,52	3,11	50,56	49,39	4.279.700
3/05/2019 11:52	50,49	1,55	3,17	50,56	49,39	4.264.000
3/05/2019 11:51	50,50	1,56	3,19	50,56	49,39	4.258.900
3/05/2019 11:50	50,51	1,57	3,21	50,56	49,39	4.253.700
3/05/2019 11:49	50,48	1,54	3,15	50,49	49,39	4.137.600
3/05/2019 11:48	50,47	1,53	3,13	50,49	49,39	4.135.500
3/05/2019 11:47	50,47	1,53	3,13	50,49	49,39	4.074.800
3/05/2019 11:46	50,42	1,48	3,02	50,49	49,39	4.047.200
3/05/2019 11:45	50,38	1,44	2,94	50,49	49,39	4.001.400
3/05/2019 11:44	50,39	1,45	2,96	50,49	49,39	3.992.700
3/05/2019 11:43	50,41	1,47	3,00	50,49	49,39	3.979.400
3/05/2019 11:42	50,39	1,45	2,96	50,49	49,39	3.947.800
3/05/2019 11:41	50,40	1,46	2,98	50,49	49,39	3.940.600
3/05/2019 11:40	50,44	1,50	3,06	50,49	49,39	3.901.600
3/05/2019 11:39	50,40	1,46	2,98	50,49	49,39	3.514.700
3/05/2019 11:38	50,40	1,46	2,98	50,49	49,39	3.463.400
3/05/2019 11:37	50,38	1,44	2,94	50,49	49,39	3.379.000
3/05/2019 11:36	50,37	1,43	2,92	50,49	49,39	3.371.000
3/05/2019 11:35	50,37	1,43	2,92	50,49	49,39	3.359.000
3/05/2019 11:34	50,38	1,44	2,94	50,49	49,39	3.341.300
3/05/2019 11:33	50,39	1,45	2,96	50,49	49,39	3.316.600
3/05/2019 11:32	50,36	1,42	2,90	50,49	49,39	3.302.400
3/05/2019 11:31	50,43	1,49	3,04	50,49	49,39	3.263.700
3/05/2019 11:30	50,45	1,51	3,09	50,49	49,39	3.247.200
3/05/2019 11:29	50,47	1,53	3,13	50,49	49,39	3.226.500
3/05/2019 11:28	50,39	1,45	2,96	50,39	49,39	3.174.800
3/05/2019 11:27	50,34	1,40	2,86	50,39	49,39	3.158.700
3/05/2019 11:26	50,34	1,40	2,86	50,39	49,39	3.143.000
3/05/2019 11:25	50,35	1,41	2,88	50,35	49,39	3.102.700
3/05/2019 11:24	50,25	1,31	2,68	50,29	49,39	3.027.600
3/05/2019 11:23	50,25	1,31	2,68	50,29	49,39	3.010.600
3/05/2019 11:22	50,26	1,32	2,70	50,29	49,39	2.979.900
3/05/2019 11:21	50,23	1,29	2,64	50,29	49,39	2.966.500
3/05/2019 11:20	50,23	1,29	2,64	50,29	49,39	2.925.300
3/05/2019 11:19	50,22	1,28	2,62	50,29	49,39	2.859.300
3/05/2019 11:18	50,27	1,33	2,72	50,29	49,39	2.839.200
3/05/2019 11:17	50,24	1,30	2,66	50,29	49,39	2.789.000
3/05/2019 11:16	50,16	1,22	2,49	50,29	49,39	2.710.400
3/05/2019 11:15	50,14	1,20	2,45	50,29	49,39	2.684.200
3/05/2019 11:14	50,13	1,19	2,43	50,29	49,39	2.654.500
3/05/2019 11:13	50,19	1,25	2,55	50,29	49,39	2.604.800
3/05/2019 11:12	50,16	1,22	2,49	50,29	49,39	2.543.900
3/05/2019 11:11	50,23	1,29	2,64	50,29	49,39	2.508.900
3/05/2019 11:10	50,22	1,28	2,62	50,29	49,39	2.487.600
3/05/2019 11:09	50,23	1,29	2,64	50,29	49,39	2.438.600
3/05/2019 11:08	50,21	1,27	2,60	50,29	49,39	2.368.300
3/05/2019 11:07	50,26	1,32	2,70	50,29	49,39	2.360.300
3/05/2019 11:06	50,27	1,33	2,72	50,29	49,39	2.342.100
3/05/2019 11:05	50,24	1,30	2,66	50,28	49,39	2.306.100
3/05/2019 11:04	50,20	1,26	2,57	50,28	49,39	2.289.000
3/05/2019 11:03	50,20	1,26	2,57	50,28	49,39	2.261.900
3/05/2019 11:02	50,22	1,28	2,62	50,28	49,39	2.233.800
3/05/2019 11:01	50,24	1,30	2,66	50,28	49,39	2.211.200
3/05/2019 11:00	50,20	1,26	2,57	50,23	49,39	2.157.500
3/05/2019 10:59	50,10	1,16	2,37	50,23	49,39	2.119.800
3/05/2019 10:58	50,12	1,18	2,41	50,23	49,39	2.107.800
3/05/2019 10:57	50,09	1,15	2,35	50,23	49,39	2.049.800
3/05/2019 10:56	50,16	1,22	2,49	50,23	49,39	2.026.400
3/05/2019 10:55	50,16	1,22	2,49	50,16	49,39	1.967.400
3/05/2019 10:54	50,13	1,19	2,43	50,15	49,39	1.930.600
3/05/2019 10:53	50,07	1,13	2,31	50,15	49,39	1.868.900
3/05/2019 10:52	50,04	1,10	2,25	50,15	49,39	1.816.000
3/05/2019 10:51	50,09	1,15	2,35	50,15	49,39	1.755.900
3/05/2019 10:50	50,12	1,18	2,41	50,12	49,39	1.689.400
3/05/2019 10:49	50,07	1,13	2,31	50,09	49,39	1.662.200
3/05/2019 10:48	50,03	1,09	2,23	50,04	49,39	1.631.700
3/05/2019 10:47	49,97	1,03	2,10	50,04	49,39	1.525.800
3/05/2019 10:46	49,98	1,04	2,13	50,04	49,39	1.507.400
3/05/2019 10:45	49,99	1,05	2,15	50,04	49,39	1.383.100
3/05/2019 10:44	49,96	1,02	2,08	50,04	49,39	1.359.400
3/05/2019 10:43	49,99	1,05	2,15	50,04	49,39	1.287.400
3/05/2019 10:42	50,01	1,07	2,19	50,04	49,39	1.242.200
3/05/2019 10:41	50,00	1,06	2,17	50,04	49,39	1.222.900
3/05/2019 10:40	50,00	1,06	2,17	50,00	49,39	1.177.000
3/05/2019 10:39	49,92	0,98	2,00	49,98	49,39	1.078.800
3/05/2019 10:38	49,83	0,89	1,82	49,98	49,39	1.060.700
3/05/2019 10:37	49,98	1,04	2,13	49,98	49,39	1.031.400
3/05/2019 10:36	49,94	1,00	2,04	49,98	49,39	992.900
3/05/2019 10:35	49,94	1,00	2,04	49,98	49,39	934.300
3/05/2019 10:34	49,85	0,91	1,86	49,87	49,39	854.400
3/05/2019 10:33	49,80	0,86	1,76	49,83	49,39	818.900
3/05/2019 10:32	49,77	0,83	1,70	49,79	49,39	779.700
3/05/2019 10:31	49,74	0,80	1,63	49,74	49,39	740.000
3/05/2019 10:30	49,72	0,78	1,59	49,74	49,39	697.900
3/05/2019 10:29	49,70	0,76	1,55	49,74	49,39	667.500
3/05/2019 10:28	49,70	0,76	1,55	49,71	49,39	644.100
3/05/2019 10:27	49,67	0,73	1,49	49,68	49,39	615.600
3/05/2019 10:26	49,66	0,72	1,47	49,68	49,39	612.300
3/05/2019 10:25	49,65	0,71	1,45	49,68	49,39	608.700
3/05/2019 10:24	49,68	0,74	1,51	49,68	49,39	532.100
3/05/2019 10:23	49,60	0,66	1,35	49,63	49,39	496.400
3/05/2019 10:22	49,59	0,65	1,33	49,63	49,39	455.600
3/05/2019 10:21	49,58	0,64	1,31	49,63	49,39	440.900
3/05/2019 10:20	49,55	0,61	1,25	49,63	49,39	422.700
3/05/2019 10:19	49,52	0,58	1,19	49,63	49,39	417.100
3/05/2019 10:18	49,47	0,53	1,08	49,63	49,39	403.400
3/05/2019 10:17	49,44	0,50	1,02	49,63	49,39	397.300
3/05/2019 10:16	49,44	0,50	1,02	49,63	49,39	394.800
3/05/2019 10:15	49,50	0,56	1,14	49,63	49,39	386.000
3/05/2019 10:14	49,55	0,61	1,25	49,63	49,39	377.800
3/05/2019 10:13	49,46	0,52	1,06	49,63	49,39	346.300
3/05/2019 10:12	49,43	0,49	1,00	49,63	49,39	316.300
3/05/2019 10:11	49,41	0,47	0,96	49,63	49,39	301.200
3/05/2019 10:10	49,52	0,58	1,19	49,63	49,44	252.000
3/05/2019 10:09	49,58	0,64	1,31	49,63	49,44	228.400
3/05/2019 10:08	49,58	0,64	1,31	49,63	49,44	198.300
3/05/2019 10:07	49,60	0,66	1,35	49,63	49,44	150.700
30/04/2019 17:11	50,10	-0,15	-0,30	50,69	49,76	11.344.400
30/04/2019 16:54	50,24	-0,01	-0,02	50,69	49,76	9.733.900
30/04/2019 16:53	50,16	-0,09	-0,18	50,69	49,76	9.669.900
30/04/2019 16:52	50,17	-0,08	-0,16	50,69	49,76	9.654.500
30/04/2019 16:51	50,21	-0,04	-0,08	50,69	49,76	9.533.600
30/04/2019 16:50	50,21	-0,04	-0,08	50,69	49,76	9.454.200
30/04/2019 16:49	50,18	-0,07	-0,14	50,69	49,76	9.414.800
30/04/2019 16:48	50,10	-0,15	-0,30	50,69	49,76	9.329.000
30/04/2019 16:47	50,10	-0,15	-0,30	50,69	49,76	9.310.300
30/04/2019 16:46	50,11	-0,14	-0,28	50,69	49,76	9.250.500
30/04/2019 16:45	50,12	-0,13	-0,26	50,69	49,76	9.239.700
30/04/2019 16:44	50,09	-0,16	-0,32	50,69	49,76	9.219.600
30/04/2019 16:43	50,08	-0,17	-0,34	50,69	49,76	9.206.200
30/04/2019 16:42	50,07	-0,18	-0,36	50,69	49,76	9.176.700
30/04/2019 16:41	50,12	-0,13	-0,26	50,69	49,76	9.136.700
30/04/2019 16:40	50,10	-0,15	-0,30	50,69	49,76	9.122.700
30/04/2019 16:39	50,07	-0,18	-0,36	50,69	49,76	9.032.000
30/04/2019 16:38	50,06	-0,19	-0,38	50,69	49,76	9.012.600
30/04/2019 16:37	50,05	-0,20	-0,40	50,69	49,76	8.990.400
30/04/2019 16:36	50,05	-0,20	-0,40	50,69	49,76	8.976.200
30/04/2019 16:35	50,05	-0,20	-0,40	50,69	49,76	8.962.400
30/04/2019 16:34	50,01	-0,24	-0,48	50,69	49,76	8.932.400
30/04/2019 16:33	50,00	-0,25	-0,50	50,69	49,76	8.923.300
30/04/2019 16:32	50,02	-0,23	-0,46	50,69	49,76	8.914.700
30/04/2019 16:31	50,02	-0,23	-0,46	50,69	49,76	8.890.100
30/04/2019 16:30	50,02	-0,23	-0,46	50,69	49,76	8.875.400
30/04/2019 16:29	50,03	-0,22	-0,44	50,69	49,76	8.857.400
30/04/2019 16:28	50,02	-0,23	-0,46	50,69	49,76	8.807.600
30/04/2019 16:27	50,01	-0,24	-0,48	50,69	49,76	8.778.000
30/04/2019 16:26	50,01	-0,24	-0,48	50,69	49,76	8.744.500
30/04/2019 16:25	50,02	-0,23	-0,46	50,69	49,76	8.736.900
30/04/2019 16:24	50,02	-0,23	-0,46	50,69	49,76	8.724.200
30/04/2019 16:23	50,02	-0,23	-0,46	50,69	49,76	8.651.600
30/04/2019 16:22	50,02	-0,23	-0,46	50,69	49,76	8.625.500
30/04/2019 16:21	50,02	-0,23	-0,46	50,69	49,76	8.607.600
30/04/2019 16:20	49,99	-0,26	-0,52	50,69	49,76	8.550.400
30/04/2019 16:19	49,92	-0,33	-0,66	50,69	49,76	8.519.400
30/04/2019 16:18	49,90	-0,35	-0,70	50,69	49,76	8.507.500
30/04/2019 16:17	49,95	-0,30	-0,60	50,69	49,76	8.501.400
30/04/2019 16:16	49,91	-0,34	-0,68	50,69	49,76	8.479.200
30/04/2019 16:15	49,90	-0,35	-0,70	50,69	49,76	8.471.800
30/04/2019 16:14	49,92	-0,33	-0,66	50,69	49,76	8.459.700
30/04/2019 16:13	49,94	-0,31	-0,62	50,69	49,76	8.447.500
30/04/2019 16:12	49,90	-0,35	-0,70	50,69	49,76	8.423.300
30/04/2019 16:11	49,89	-0,36	-0,72	50,69	49,76	8.407.800
30/04/2019 16:10	49,90	-0,35	-0,70	50,69	49,76	8.384.200
30/04/2019 16:09	49,89	-0,36	-0,72	50,69	49,76	8.379.900
30/04/2019 16:08	49,94	-0,31	-0,62	50,69	49,76	8.369.900
30/04/2019 16:07	49,94	-0,31	-0,62	50,69	49,76	8.360.200
30/04/2019 16:06	49,94	-0,31	-0,62	50,69	49,76	8.353.600
30/04/2019 16:05	49,96	-0,29	-0,58	50,69	49,76	8.338.000
30/04/2019 16:04	49,96	-0,29	-0,58	50,69	49,76	8.313.400
30/04/2019 16:03	49,97	-0,28	-0,56	50,69	49,76	8.299.000
30/04/2019 16:02	49,98	-0,27	-0,54	50,69	49,76	8.275.700
30/04/2019 16:01	49,97	-0,28	-0,56	50,69	49,76	8.270.900
30/04/2019 16:00	49,98	-0,27	-0,54	50,69	49,76	8.226.800
30/04/2019 15:59	50,01	-0,24	-0,48	50,69	49,76	8.212.000
30/04/2019 15:58	50,00	-0,25	-0,50	50,69	49,76	8.196.500
30/04/2019 15:57	49,99	-0,26	-0,52	50,69	49,76	8.169.200
30/04/2019 15:56	49,96	-0,29	-0,58	50,69	49,76	8.134.800
30/04/2019 15:55	49,93	-0,32	-0,64	50,69	49,76	8.105.300
30/04/2019 15:54	49,90	-0,35	-0,70	50,69	49,76	8.083.200
30/04/2019 15:53	49,92	-0,33	-0,66	50,69	49,76	8.074.300
30/04/2019 15:52	49,92	-0,33	-0,66	50,69	49,76	8.049.200
30/04/2019 15:51	49,92	-0,33	-0,66	50,69	49,76	8.033.200
30/04/2019 15:50	49,93	-0,32	-0,64	50,69	49,76	8.008.500
30/04/2019 15:49	49,94	-0,31	-0,62	50,69	49,76	8.000.400
30/04/2019 15:48	49,93	-0,32	-0,64	50,69	49,76	7.985.000
30/04/2019 15:47	49,92	-0,33	-0,66	50,69	49,76	7.975.000
30/04/2019 15:46	49,93	-0,32	-0,64	50,69	49,76	7.957.300
30/04/2019 15:45	49,93	-0,32	-0,64	50,69	49,76	7.952.100
30/04/2019 15:44	49,90	-0,35	-0,70	50,69	49,76	7.932.900
30/04/2019 15:43	49,89	-0,36	-0,72	50,69	49,76	7.920.800
30/04/2019 15:42	49,88	-0,37	-0,74	50,69	49,76	7.903.600
30/04/2019 15:41	49,90	-0,35	-0,70	50,69	49,76	7.883.500
30/04/2019 15:40	49,91	-0,34	-0,68	50,69	49,76	7.878.000
30/04/2019 15:39	49,91	-0,34	-0,68	50,69	49,76	7.860.700
30/04/2019 15:38	49,88	-0,37	-0,74	50,69	49,76	7.838.500
30/04/2019 15:37	49,95	-0,30	-0,60	50,69	49,76	7.753.000
30/04/2019 15:36	49,98	-0,27	-0,54	50,69	49,76	7.670.000
30/04/2019 15:35	50,01	-0,24	-0,48	50,69	49,76	7.657.200
30/04/2019 15:34	49,95	-0,30	-0,60	50,69	49,76	7.624.200
30/04/2019 15:33	49,98	-0,27	-0,54	50,69	49,76	7.607.800
30/04/2019 15:32	49,92	-0,33	-0,66	50,69	49,76	7.585.700
30/04/2019 15:31	49,91	-0,34	-0,68	50,69	49,76	7.569.800
30/04/2019 15:30	49,96	-0,29	-0,58	50,69	49,76	7.530.900
30/04/2019 15:29	49,99	-0,26	-0,52	50,69	49,76	7.512.600
30/04/2019 15:28	50,02	-0,23	-0,46	50,69	49,76	7.485.500
30/04/2019 15:27	50,00	-0,25	-0,50	50,69	49,76	7.465.000
30/04/2019 15:26	50,02	-0,23	-0,46	50,69	49,76	7.380.300
30/04/2019 15:25	50,00	-0,25	-0,50	50,69	49,76	7.359.300
30/04/2019 15:24	50,01	-0,24	-0,48	50,69	49,76	7.351.500
30/04/2019 15:23	50,06	-0,19	-0,38	50,69	49,76	7.300.600
30/04/2019 15:22	50,10	-0,15	-0,30	50,69	49,76	7.279.900
30/04/2019 15:21	50,08	-0,17	-0,34	50,69	49,76	7.263.300
30/04/2019 15:20	50,03	-0,22	-0,44	50,69	49,76	7.247.800
30/04/2019 15:19	50,05	-0,20	-0,40	50,69	49,76	7.199.700
30/04/2019 15:18	50,04	-0,21	-0,42	50,69	49,76	7.186.100
30/04/2019 15:17	50,01	-0,24	-0,48	50,69	49,76	7.174.100
30/04/2019 15:16	50,05	-0,20	-0,40	50,69	49,76	7.145.000
30/04/2019 15:15	50,05	-0,20	-0,40	50,69	49,76	7.128.100
30/04/2019 15:14	50,11	-0,14	-0,28	50,69	49,76	7.109.300
30/04/2019 15:13	50,10	-0,15	-0,30	50,69	49,76	7.090.200
30/04/2019 15:12	50,06	-0,19	-0,38	50,69	49,76	7.044.600
30/04/2019 15:11	50,05	-0,20	-0,40	50,69	49,76	7.016.300
30/04/2019 15:10	50,06	-0,19	-0,38	50,69	49,76	6.983.000
30/04/2019 15:09	50,00	-0,25	-0,50	50,69	49,76	6.964.600
30/04/2019 15:08	49,98	-0,27	-0,54	50,69	49,76	6.938.800
30/04/2019 15:07	49,97	-0,28	-0,56	50,69	49,76	6.923.100
30/04/2019 15:06	49,98	-0,27	-0,54	50,69	49,76	6.910.400
30/04/2019 15:05	49,98	-0,27	-0,54	50,69	49,76	6.890.700
30/04/2019 15:04	49,97	-0,28	-0,56	50,69	49,76	6.876.500
30/04/2019 15:03	49,98	-0,27	-0,54	50,69	49,76	6.859.300
30/04/2019 15:02	49,96	-0,29	-0,58	50,69	49,76	6.837.200
30/04/2019 15:01	49,92	-0,33	-0,66	50,69	49,76	6.771.000
30/04/2019 15:00	49,92	-0,33	-0,66	50,69	49,76	6.742.000
30/04/2019 14:59	49,90	-0,35	-0,70	50,69	49,76	6.689.100
30/04/2019 14:58	49,97	-0,28	-0,56	50,69	49,76	6.657.700
30/04/2019 14:57	49,94	-0,31	-0,62	50,69	49,76	6.613.400
30/04/2019 14:56	49,88	-0,37	-0,74	50,69	49,76	6.590.500
30/04/2019 14:55	49,91	-0,34	-0,68	50,69	49,76	6.575.200
30/04/2019 14:54	49,90	-0,35	-0,70	50,69	49,76	6.558.700
30/04/2019 14:53	49,90	-0,35	-0,70	50,69	49,76	6.541.400
30/04/2019 14:52	49,90	-0,35	-0,70	50,69	49,76	6.524.800
30/04/2019 14:51	49,92	-0,33	-0,66	50,69	49,76	6.508.400
30/04/2019 14:50	49,91	-0,34	-0,68	50,69	49,76	6.409.200
30/04/2019 14:49	49,92	-0,33	-0,66	50,69	49,76	6.402.100
30/04/2019 14:48	49,90	-0,35	-0,70	50,69	49,76	6.384.200
30/04/2019 14:47	49,92	-0,33	-0,66	50,69	49,76	6.374.900
30/04/2019 14:46	49,87	-0,38	-0,76	50,69	49,76	6.340.800
30/04/2019 14:45	49,88	-0,37	-0,74	50,69	49,76	6.312.400
30/04/2019 14:44	49,91	-0,34	-0,68	50,69	49,76	6.302.600
30/04/2019 14:43	49,92	-0,33	-0,66	50,69	49,76	6.284.800
30/04/2019 14:42	49,89	-0,36	-0,72	50,69	49,76	6.255.800
30/04/2019 14:41	49,91	-0,34	-0,68	50,69	49,76	6.209.300
30/04/2019 14:40	49,91	-0,34	-0,68	50,69	49,76	6.188.000
30/04/2019 14:39	49,92	-0,33	-0,66	50,69	49,76	6.173.600
30/04/2019 14:38	49,89	-0,36	-0,72	50,69	49,76	6.142.200
30/04/2019 14:37	49,87	-0,38	-0,76	50,69	49,76	6.125.900
30/04/2019 14:36	49,88	-0,37	-0,74	50,69	49,76	6.112.800
30/04/2019 14:35	49,90	-0,35	-0,70	50,69	49,76	6.092.600
30/04/2019 14:34	49,90	-0,35	-0,70	50,69	49,76	6.085.000
30/04/2019 14:33	49,89	-0,36	-0,72	50,69	49,76	6.074.900
30/04/2019 14:32	49,90	-0,35	-0,70	50,69	49,76	6.059.300
30/04/2019 14:31	49,92	-0,33	-0,66	50,69	49,76	6.048.500
30/04/2019 14:30	49,91	-0,34	-0,68	50,69	49,76	6.039.100
30/04/2019 14:29	49,87	-0,38	-0,76	50,69	49,76	6.021.300
30/04/2019 14:28	49,90	-0,35	-0,70	50,69	49,76	6.012.100
30/04/2019 14:27	49,87	-0,38	-0,76	50,69	49,76	6.001.200
30/04/2019 14:26	49,86	-0,39	-0,78	50,69	49,76	5.992.800
30/04/2019 14:25	49,84	-0,41	-0,82	50,69	49,76	5.976.800
30/04/2019 14:24	49,85	-0,40	-0,80	50,69	49,76	5.963.000
30/04/2019 14:23	49,88	-0,37	-0,74	50,69	49,76	5.948.200
30/04/2019 14:22	49,94	-0,31	-0,62	50,69	49,76	5.905.900
30/04/2019 14:21	49,95	-0,30	-0,60	50,69	49,76	5.892.000
30/04/2019 14:20	49,96	-0,29	-0,58	50,69	49,76	5.883.900
30/04/2019 14:19	49,92	-0,33	-0,66	50,69	49,76	5.858.600
30/04/2019 14:18	49,93	-0,32	-0,64	50,69	49,76	5.848.800
30/04/2019 14:17	49,93	-0,32	-0,64	50,69	49,76	5.831.600
30/04/2019 14:16	49,92	-0,33	-0,66	50,69	49,76	5.805.200
30/04/2019 14:15	49,92	-0,33	-0,66	50,69	49,76	5.775.400
30/04/2019 14:14	49,97	-0,28	-0,56	50,69	49,76	5.749.200
30/04/2019 14:13	49,98	-0,27	-0,54	50,69	49,76	5.738.900
30/04/2019 14:12	50,01	-0,24	-0,48	50,69	49,76	5.724.000
30/04/2019 14:11	50,03	-0,22	-0,44	50,69	49,76	5.683.300
30/04/2019 14:10	49,95	-0,30	-0,60	50,69	49,76	5.633.200
30/04/2019 14:09	49,95	-0,30	-0,60	50,69	49,76	5.621.300
30/04/2019 14:08	49,95	-0,30	-0,60	50,69	49,76	5.587.700
30/04/2019 14:07	49,91	-0,34	-0,68	50,69	49,76	5.572.000
30/04/2019 14:06	49,92	-0,33	-0,66	50,69	49,76	5.566.000
30/04/2019 14:05	49,90	-0,35	-0,70	50,69	49,76	5.556.600
30/04/2019 14:04	49,87	-0,38	-0,76	50,69	49,76	5.547.400
30/04/2019 14:03	49,89	-0,36	-0,72	50,69	49,76	5.530.600
30/04/2019 14:02	49,89	-0,36	-0,72	50,69	49,76	5.520.300
30/04/2019 14:01	49,89	-0,36	-0,72	50,69	49,76	5.504.700
30/04/2019 14:00	49,86	-0,39	-0,78	50,69	49,76	5.493.000
30/04/2019 13:59	49,82	-0,43	-0,86	50,69	49,76	5.462.700
30/04/2019 13:58	49,82	-0,43	-0,86	50,69	49,76	5.408.700
30/04/2019 13:57	49,87	-0,38	-0,76	50,69	49,76	5.390.500
30/04/2019 13:56	49,90	-0,35	-0,70	50,69	49,76	5.382.200
30/04/2019 13:55	49,89	-0,36	-0,72	50,69	49,76	5.350.200
30/04/2019 13:54	49,89	-0,36	-0,72	50,69	49,76	5.333.200
30/04/2019 13:53	49,88	-0,37	-0,74	50,69	49,76	5.312.300
30/04/2019 13:52	49,86	-0,39	-0,78	50,69	49,76	5.266.200
30/04/2019 13:51	49,92	-0,33	-0,66	50,69	49,76	5.193.900
30/04/2019 13:50	49,94	-0,31	-0,62	50,69	49,76	5.168.600
30/04/2019 13:49	50,01	-0,24	-0,48	50,69	49,76	5.117.300
30/04/2019 13:48	50,00	-0,25	-0,50	50,69	49,76	5.109.400
30/04/2019 13:47	50,00	-0,25	-0,50	50,69	49,76	5.100.700
30/04/2019 13:46	49,98	-0,27	-0,54	50,69	49,76	5.089.600
30/04/2019 13:45	49,95	-0,30	-0,60	50,69	49,76	5.080.200
30/04/2019 13:44	49,99	-0,26	-0,52	50,69	49,76	5.070.400
30/04/2019 13:43	50,00	-0,25	-0,50	50,69	49,76	5.053.700
30/04/2019 13:42	50,04	-0,21	-0,42	50,69	49,76	5.038.600
30/04/2019 13:41	50,06	-0,19	-0,38	50,69	49,76	5.016.500
30/04/2019 13:40	50,06	-0,19	-0,38	50,69	49,76	5.010.200
30/04/2019 13:39	50,07	-0,18	-0,36	50,69	49,76	4.997.300
30/04/2019 13:38	50,07	-0,18	-0,36	50,69	49,76	4.991.600
30/04/2019 13:37	50,07	-0,18	-0,36	50,69	49,76	4.984.600
30/04/2019 13:36	50,08	-0,17	-0,34	50,69	49,76	4.923.700
30/04/2019 13:35	50,04	-0,21	-0,42	50,69	49,76	4.778.100
30/04/2019 13:34	49,96	-0,29	-0,58	50,69	49,76	4.744.300
30/04/2019 13:33	49,97	-0,28	-0,56	50,69	49,76	4.737.000
30/04/2019 13:32	49,96	-0,29	-0,58	50,69	49,76	4.727.200
30/04/2019 13:31	49,96	-0,29	-0,58	50,69	49,76	4.716.600
30/04/2019 13:30	50,00	-0,25	-0,50	50,69	49,76	4.705.900
30/04/2019 13:29	50,00	-0,25	-0,50	50,69	49,76	4.698.600
30/04/2019 13:28	50,02	-0,23	-0,46	50,69	49,76	4.694.300
30/04/2019 13:27	50,02	-0,23	-0,46	50,69	49,76	4.686.600
30/04/2019 13:26	50,04	-0,21	-0,42	50,69	49,76	4.681.600
30/04/2019 13:25	50,05	-0,20	-0,40	50,69	49,76	4.667.800
30/04/2019 13:24	50,04	-0,21	-0,42	50,69	49,76	4.661.600
30/04/2019 13:23	50,05	-0,20	-0,40	50,69	49,76	4.653.900
30/04/2019 13:22	50,04	-0,21	-0,42	50,69	49,76	4.649.900
30/04/2019 13:21	50,02	-0,23	-0,46	50,69	49,76	4.645.800
30/04/2019 13:20	50,02	-0,23	-0,46	50,69	49,76	4.642.200
30/04/2019 13:19	50,03	-0,22	-0,44	50,69	49,76	4.635.900
30/04/2019 13:18	50,00	-0,25	-0,50	50,69	49,76	4.623.700
30/04/2019 13:17	50,04	-0,21	-0,42	50,69	49,76	4.607.500
30/04/2019 13:16	50,03	-0,22	-0,44	50,69	49,76	4.596.900
30/04/2019 13:15	50,03	-0,22	-0,44	50,69	49,76	4.590.300
30/04/2019 13:14	50,01	-0,24	-0,48	50,69	49,76	4.574.900
30/04/2019 13:13	50,07	-0,18	-0,36	50,69	49,76	4.510.200
30/04/2019 13:12	50,07	-0,18	-0,36	50,69	49,76	4.505.300
30/04/2019 13:11	50,12	-0,13	-0,26	50,69	49,76	4.476.400
30/04/2019 13:10	50,05	-0,20	-0,40	50,69	49,76	4.468.500
30/04/2019 13:09	50,07	-0,18	-0,36	50,69	49,76	4.451.700
30/04/2019 13:08	50,09	-0,16	-0,32	50,69	49,76	4.416.200
30/04/2019 13:07	50,13	-0,12	-0,24	50,69	49,76	4.405.800
30/04/2019 13:06	50,13	-0,12	-0,24	50,69	49,76	4.400.300
30/04/2019 13:05	50,10	-0,15	-0,30	50,69	49,76	4.390.700
30/04/2019 13:04	50,09	-0,16	-0,32	50,69	49,76	4.386.100
30/04/2019 13:03	50,10	-0,15	-0,30	50,69	49,76	4.380.000
30/04/2019 13:02	50,10	-0,15	-0,30	50,69	49,76	4.372.800
30/04/2019 13:01	50,10	-0,15	-0,30	50,69	49,76	4.370.400
30/04/2019 13:00	50,15	-0,10	-0,20	50,69	49,76	4.334.100
30/04/2019 12:59	50,18	-0,07	-0,14	50,69	49,76	4.308.800
30/04/2019 12:58	50,18	-0,07	-0,14	50,69	49,76	4.301.800
30/04/2019 12:57	50,18	-0,07	-0,14	50,69	49,76	4.296.200
30/04/2019 12:56	50,21	-0,04	-0,08	50,69	49,76	4.287.800
30/04/2019 12:55	50,23	-0,02	-0,04	50,69	49,76	4.260.800
30/04/2019 12:54	50,24	-0,01	-0,02	50,69	49,76	4.250.500
30/04/2019 12:53	50,25	0,00	0,00	50,69	49,76	4.239.400
30/04/2019 12:52	50,23	-0,02	-0,04	50,69	49,76	4.223.800
30/04/2019 12:51	50,26	0,01	0,02	50,69	49,76	4.219.500
30/04/2019 12:50	50,34	0,09	0,18	50,69	49,76	4.212.900
30/04/2019 12:49	50,34	0,09	0,18	50,69	49,76	4.191.400
30/04/2019 12:48	50,34	0,09	0,18	50,69	49,76	4.182.900
30/04/2019 12:47	50,30	0,05	0,10	50,69	49,76	4.130.400
30/04/2019 12:46	50,29	0,04	0,08	50,69	49,76	4.096.000
30/04/2019 12:45	50,23	-0,02	-0,04	50,69	49,76	4.073.000
30/04/2019 12:44	50,22	-0,03	-0,06	50,69	49,76	4.041.800
30/04/2019 12:43	50,18	-0,07	-0,14	50,69	49,76	4.008.300
30/04/2019 12:42	50,15	-0,10	-0,20	50,69	49,76	3.999.600
30/04/2019 12:41	50,16	-0,09	-0,18	50,69	49,76	3.996.300
30/04/2019 12:40	50,19	-0,06	-0,12	50,69	49,76	3.986.300
30/04/2019 12:39	50,20	-0,05	-0,10	50,69	49,76	3.970.300
30/04/2019 12:38	50,20	-0,05	-0,10	50,69	49,76	3.939.900
30/04/2019 12:37	50,11	-0,14	-0,28	50,69	49,76	3.913.500
30/04/2019 12:36	50,11	-0,14	-0,28	50,69	49,76	3.906.700
30/04/2019 12:35	50,16	-0,09	-0,18	50,69	49,76	3.896.000
30/04/2019 12:34	50,18	-0,07	-0,14	50,69	49,76	3.878.900
30/04/2019 12:33	50,17	-0,08	-0,16	50,69	49,76	3.874.000
30/04/2019 12:32	50,16	-0,09	-0,18	50,69	49,76	3.868.600
30/04/2019 12:31	50,16	-0,09	-0,18	50,69	49,76	3.864.400
30/04/2019 12:30	50,10	-0,15	-0,30	50,69	49,76	3.854.000
30/04/2019 12:29	50,10	-0,15	-0,30	50,69	49,76	3.840.600
30/04/2019 12:28	50,10	-0,15	-0,30	50,69	49,76	3.834.800
30/04/2019 12:27	50,11	-0,14	-0,28	50,69	49,76	3.816.200
30/04/2019 12:26	50,17	-0,08	-0,16	50,69	49,76	3.804.300
30/04/2019 12:25	50,16	-0,09	-0,18	50,69	49,76	3.800.600
30/04/2019 12:24	50,18	-0,07	-0,14	50,69	49,76	3.795.500
30/04/2019 12:23	50,19	-0,06	-0,12	50,69	49,76	3.770.700
30/04/2019 12:22	50,17	-0,08	-0,16	50,69	49,76	3.763.900
30/04/2019 12:21	50,19	-0,06	-0,12	50,69	49,76	3.719.100
30/04/2019 12:20	50,20	-0,05	-0,10	50,69	49,76	3.699.600
30/04/2019 12:19	50,22	-0,03	-0,06	50,69	49,76	3.681.500
30/04/2019 12:18	50,22	-0,03	-0,06	50,69	49,76	3.670.900
30/04/2019 12:17	50,22	-0,03	-0,06	50,69	49,76	3.660.600
30/04/2019 12:16	50,15	-0,10	-0,20	50,69	49,76	3.602.400
30/04/2019 12:15	50,18	-0,07	-0,14	50,69	49,76	3.595.700
30/04/2019 12:14	50,19	-0,06	-0,12	50,69	49,76	3.591.500
30/04/2019 12:13	50,17	-0,08	-0,16	50,69	49,76	3.581.200
30/04/2019 12:12	50,16	-0,09	-0,18	50,69	49,76	3.569.400
30/04/2019 12:11	50,10	-0,15	-0,30	50,69	49,76	3.541.000
30/04/2019 12:10	50,03	-0,22	-0,44	50,69	49,76	3.522.900
30/04/2019 12:09	50,01	-0,24	-0,48	50,69	49,76	3.514.000
30/04/2019 12:08	49,97	-0,28	-0,56	50,69	49,76	3.504.600
30/04/2019 12:07	49,97	-0,28	-0,56	50,69	49,76	3.493.200
30/04/2019 12:06	49,98	-0,27	-0,54	50,69	49,76	3.483.900
30/04/2019 12:05	49,99	-0,26	-0,52	50,69	49,76	3.479.500
30/04/2019 12:04	49,98	-0,27	-0,54	50,69	49,76	3.470.600
30/04/2019 12:03	50,03	-0,22	-0,44	50,69	49,76	3.401.700
30/04/2019 12:02	50,08	-0,17	-0,34	50,69	49,76	3.379.300
30/04/2019 12:01	50,08	-0,17	-0,34	50,69	49,76	3.370.600
30/04/2019 12:00	50,08	-0,17	-0,34	50,69	49,76	3.362.700
30/04/2019 11:59	50,08	-0,17	-0,34	50,69	49,76	3.356.500
30/04/2019 11:58	50,09	-0,16	-0,32	50,69	49,76	3.346.700
30/04/2019 11:57	50,07	-0,18	-0,36	50,69	49,76	3.332.200
30/04/2019 11:56	50,08	-0,17	-0,34	50,69	49,76	3.329.300
30/04/2019 11:55	50,11	-0,14	-0,28	50,69	49,76	3.325.100
30/04/2019 11:54	50,10	-0,15	-0,30	50,69	49,76	3.314.200
30/04/2019 11:53	50,09	-0,16	-0,32	50,69	49,76	3.310.600
30/04/2019 11:52	50,09	-0,16	-0,32	50,69	49,76	3.306.500
30/04/2019 11:51	50,05	-0,20	-0,40	50,69	49,76	3.299.700
30/04/2019 11:50	50,07	-0,18	-0,36	50,69	49,76	3.292.900
30/04/2019 11:49	50,10	-0,15	-0,30	50,69	49,76	3.288.500
30/04/2019 11:48	50,10	-0,15	-0,30	50,69	49,76	3.282.800
30/04/2019 11:47	50,07	-0,18	-0,36	50,69	49,76	3.278.600
30/04/2019 11:46	50,08	-0,17	-0,34	50,69	49,76	3.267.300
30/04/2019 11:45	50,04	-0,21	-0,42	50,69	49,76	3.263.000
30/04/2019 11:44	50,05	-0,20	-0,40	50,69	49,76	3.258.400
30/04/2019 11:43	50,09	-0,16	-0,32	50,69	49,76	3.229.100
30/04/2019 11:42	50,10	-0,15	-0,30	50,69	49,76	3.221.500
30/04/2019 11:41	50,07	-0,18	-0,36	50,69	49,76	3.213.000
30/04/2019 11:40	50,08	-0,17	-0,34	50,69	49,76	3.209.700
30/04/2019 11:39	50,10	-0,15	-0,30	50,69	49,76	3.205.700
30/04/2019 11:38	50,08	-0,17	-0,34	50,69	49,76	3.202.500
30/04/2019 11:37	50,10	-0,15	-0,30	50,69	49,76	3.162.400
30/04/2019 11:36	50,13	-0,12	-0,24	50,69	49,76	3.153.600
30/04/2019 11:35	50,17	-0,08	-0,16	50,69	49,76	3.142.300
30/04/2019 11:34	50,17	-0,08	-0,16	50,69	49,76	3.130.600
30/04/2019 11:33	50,09	-0,16	-0,32	50,69	49,76	3.054.400
30/04/2019 11:32	50,10	-0,15	-0,30	50,69	49,76	2.983.800
30/04/2019 11:31	50,04	-0,21	-0,42	50,69	49,76	2.973.800
30/04/2019 11:30	50,02	-0,23	-0,46	50,69	49,76	2.966.400
30/04/2019 11:29	50,06	-0,19	-0,38	50,69	49,76	2.954.200
30/04/2019 11:28	50,05	-0,20	-0,40	50,69	49,76	2.921.500
30/04/2019 11:27	50,08	-0,17	-0,34	50,69	49,76	2.881.700
30/04/2019 11:26	50,10	-0,15	-0,30	50,69	49,76	2.865.200
30/04/2019 11:25	50,12	-0,13	-0,26	50,69	49,76	2.840.700
30/04/2019 11:24	50,14	-0,11	-0,22	50,69	49,76	2.830.000
30/04/2019 11:23	50,21	-0,04	-0,08	50,69	49,76	2.821.900
30/04/2019 11:22	50,22	-0,03	-0,06	50,69	49,76	2.804.000
30/04/2019 11:21	50,16	-0,09	-0,18	50,69	49,76	2.789.700
30/04/2019 11:20	50,12	-0,13	-0,26	50,69	49,76	2.769.000
30/04/2019 11:19	50,18	-0,07	-0,14	50,69	49,76	2.757.300
30/04/2019 11:18	50,11	-0,14	-0,28	50,69	49,76	2.730.400
30/04/2019 11:17	50,19	-0,06	-0,12	50,69	49,76	2.702.900
30/04/2019 11:16	50,23	-0,02	-0,04	50,69	49,76	2.673.100
30/04/2019 11:15	50,21	-0,04	-0,08	50,69	49,76	2.666.800
30/04/2019 11:14	50,23	-0,02	-0,04	50,69	49,76	2.651.000
30/04/2019 11:13	50,22	-0,03	-0,06	50,69	49,76	2.617.400
30/04/2019 11:12	50,24	-0,01	-0,02	50,69	49,76	2.606.100
30/04/2019 11:11	50,24	-0,01	-0,02	50,69	49,76	2.595.200
30/04/2019 11:10	50,24	-0,01	-0,02	50,69	49,76	2.582.400
30/04/2019 11:09	50,23	-0,02	-0,04	50,69	49,76	2.561.600
30/04/2019 11:08	50,29	0,04	0,08	50,69	49,76	2.531.400
30/04/2019 11:07	50,39	0,14	0,28	50,69	49,76	2.504.600
30/04/2019 11:06	50,31	0,06	0,12	50,69	49,76	2.481.800
30/04/2019 11:05	50,28	0,03	0,06	50,69	49,76	2.470.700
30/04/2019 11:04	50,30	0,05	0,10	50,69	49,76	2.454.500
30/04/2019 11:03	50,24	-0,01	-0,02	50,69	49,76	2.433.600
30/04/2019 11:02	50,25	0,00	0,00	50,69	49,76	2.422.600
30/04/2019 11:01	50,21	-0,04	-0,08	50,69	49,76	2.390.900
30/04/2019 11:00	50,20	-0,05	-0,10	50,69	49,76	2.333.000
30/04/2019 10:59	50,26	0,01	0,02	50,69	49,76	2.287.000
30/04/2019 10:58	50,32	0,07	0,14	50,69	49,76	2.259.400
30/04/2019 10:57	50,35	0,10	0,20	50,69	49,76	2.220.000
30/04/2019 10:56	50,32	0,07	0,14	50,69	49,76	2.166.100
30/04/2019 10:55	50,38	0,13	0,26	50,69	49,76	2.129.500
30/04/2019 10:54	50,38	0,13	0,26	50,69	49,76	2.081.900
30/04/2019 10:53	50,43	0,18	0,36	50,69	49,76	2.045.500
30/04/2019 10:52	50,45	0,20	0,40	50,69	49,76	2.021.400
30/04/2019 10:51	50,53	0,28	0,56	50,69	49,76	1.930.400
30/04/2019 10:50	50,56	0,31	0,62	50,69	49,76	1.883.100
30/04/2019 10:49	50,57	0,32	0,64	50,69	49,76	1.869.800
30/04/2019 10:48	50,56	0,31	0,62	50,69	49,76	1.823.200
30/04/2019 10:47	50,55	0,30	0,60	50,69	49,76	1.757.700
30/04/2019 10:46	50,63	0,38	0,76	50,69	49,76	1.724.000
30/04/2019 10:45	50,59	0,34	0,68	50,69	49,76	1.674.500
30/04/2019 10:44	50,61	0,36	0,72	50,69	49,76	1.665.100
30/04/2019 10:43	50,64	0,39	0,78	50,69	49,76	1.642.600
30/04/2019 10:42	50,62	0,37	0,74	50,69	49,76	1.625.300
30/04/2019 10:41	50,59	0,34	0,68	50,69	49,76	1.548.300
30/04/2019 10:40	50,57	0,32	0,64	50,69	49,76	1.525.600
30/04/2019 10:39	50,57	0,32	0,64	50,69	49,76	1.475.700
30/04/2019 10:38	50,66	0,41	0,82	50,69	49,76	1.442.100
30/04/2019 10:37	50,63	0,38	0,76	50,66	49,76	1.355.600
30/04/2019 10:36	50,49	0,24	0,48	50,58	49,76	1.259.000
30/04/2019 10:35	50,42	0,17	0,34	50,58	49,76	1.207.500
30/04/2019 10:34	50,43	0,18	0,36	50,58	49,76	1.192.300
30/04/2019 10:33	50,39	0,14	0,28	50,58	49,76	1.180.600
30/04/2019 10:32	50,39	0,14	0,28	50,58	49,76	1.155.000
30/04/2019 10:31	50,36	0,11	0,22	50,58	49,76	1.147.100
30/04/2019 10:30	50,27	0,02	0,04	50,58	49,76	1.111.500
30/04/2019 10:29	50,38	0,13	0,26	50,58	49,76	1.090.900
30/04/2019 10:28	50,32	0,07	0,14	50,58	49,76	1.085.000
30/04/2019 10:27	50,40	0,15	0,30	50,58	49,76	1.069.400
30/04/2019 10:26	50,32	0,07	0,14	50,58	49,76	1.028.000
30/04/2019 10:25	50,26	0,01	0,02	50,58	49,76	1.016.300
30/04/2019 10:24	50,33	0,08	0,16	50,58	49,76	998.100
30/04/2019 10:23	50,33	0,08	0,16	50,58	49,76	985.300
30/04/2019 10:22	50,24	-0,01	-0,02	50,58	49,76	971.400
30/04/2019 10:21	50,28	0,03	0,06	50,58	49,76	942.800
30/04/2019 10:20	50,30	0,05	0,10	50,58	49,76	927.100
30/04/2019 10:19	50,09	-0,16	-0,32	50,58	49,76	861.000
30/04/2019 10:18	50,35	0,10	0,20	50,58	49,76	750.400
30/04/2019 10:17	50,41	0,16	0,32	50,58	49,76	698.200
30/04/2019 10:16	50,30	0,05	0,10	50,58	49,76	665.100
30/04/2019 10:15	50,33	0,08	0,16	50,58	49,76	650.000
30/04/2019 10:14	50,29	0,04	0,08	50,58	49,76	634.600
30/04/2019 10:13	50,29	0,04	0,08	50,58	49,76	611.500
30/04/2019 10:12	50,31	0,06	0,12	50,58	49,76	585.700
30/04/2019 10:11	50,28	0,03	0,06	50,58	49,76	564.100
30/04/2019 10:10	50,22	-0,03	-0,06	50,58	49,76	517.100
30/04/2019 10:09	50,03	-0,22	-0,44	50,58	49,76	460.300
30/04/2019 10:08	50,05	-0,20	-0,40	50,58	49,76	428.900
30/04/2019 10:07	49,90	-0,35	-0,70	50,58	49,76	325.500
30/04/2019 10:06	49,81	-0,44	-0,88	50,58	49,79	257.600
30/04/2019 10:05	50,23	-0,02	-0,04	50,58	50,20	117.200
30/04/2019 10:04	50,52	0,27	0,54	50,58	50,22	72.100
30/04/2019 10:03	50,34	0,09	0,18	50,46	50,22	54.100
30/04/2019 10:02	50,42	0,17	0,34	50,46	50,22	41.800