06/01/2002 117.02 116.34 117.8 116.34 1570.0 0.23
13/01/2002 117.86 116.85 118.45 116.75 5540.0 0.72
20/01/2002 120.18 118.11 120.3 117.92 4160.0 1.97
27/01/2002 119.98 119.95 120.8 119.51 6240.0 -0.17
03/02/2002 119.2 120.03 120.08 118.96 6210.0 -0.65
10/02/2002 118.77 119.22 119.3 118.3 4960.0 -0.36
17/02/2002 118.63 119.19 119.5 118.26 10920.0 -0.12
24/02/2002 119.49 118.61 120.13 118.57 3880.0 0.72
03/03/2002 118.0 119.45 119.55 116.8 13420.0 -1.25
10/03/2002 117.22 117.92 118.42 116.95 4200.0 -0.66
17/03/2002 118.51 117.61 118.68 117.52 3000.0 1.1
24/03/2002 119.06 118.54 119.22 118.2 2360.0 0.46
31/03/2002 118.06 118.93 118.95 117.5 11460.0 -0.84
07/04/2002 118.02 118.16 118.65 117.5 4930.0 -0.03
14/04/2002 116.59 117.75 118.1 116.44 9330.0 -1.21
21/04/2002 115.23 116.78 117.0 115.22 7820.0 -1.17
28/04/2002 113.87 115.15 115.63 113.74 8950.0 -1.18
05/05/2002 114.18 114.07 115.26 113.65 6630.0 0.27
12/05/2002 113.18 113.95 115.45 113.05 6490.0 -0.88
19/05/2002 112.89 113.14 113.45 112.3 4060.0 -0.26
26/05/2002 111.91 112.84 112.92 110.95 6780.0 -0.87
02/06/2002 111.08 111.98 112.0 110.62 7430.0 -0.74
09/06/2002 110.8 111.32 111.47 110.3 4150.0 -0.25
16/06/2002 108.7 110.82 111.28 108.51 6320.0 -1.9
23/06/2002 106.55 108.56 109.0 105.97 9230.0 -1.98
30/06/2002 108.12 106.22 108.33 106.25 3430.0 1.47
07/07/2002 106.22 106.83 107.3 105.89 3780.0 -1.76
14/07/2002 104.42 105.71 105.84 104.12 4810.0 -1.69
21/07/2002 106.89 104.64 107.2 104.53 5540.0 2.37
28/07/2002 106.96 106.93 108.15 106.55 4690.0 0.07
04/08/2002 108.42 107.23 109.25 106.9 4020.0 1.36
11/08/2002 106.89 107.91 108.2 106.35 2900.0 -1.41
18/08/2002 108.13 106.76 108.52 106.77 2260.0 1.16
25/08/2002 106.87 108.25 108.3 106.32 3360.0 -1.17
01/09/2002 106.94 106.46 106.95 105.53 8200.0 0.07
08/09/2002 108.06 106.73 108.25 106.83 5560.0 1.05
15/09/2002 108.1 108.4 109.75 107.3 3640.0 0.04
22/09/2002 107.95 107.97 108.6 107.52 2400.0 -0.14
29/09/2002 108.02 107.45 108.15 106.86 4220.0 0.06
06/10/2002 107.6 108.1 108.54 107.07 5880.0 -0.39
13/10/2002 108.87 107.36 108.95 107.37 5990.0 1.18
20/10/2002 108.17 108.62 108.74 107.9 4500.0 -0.64
27/10/2002 106.25 108.38 108.48 105.9 16490.0 -1.77
03/11/2002 104.68 106.27 106.62 104.51 9080.0 -1.48
10/11/2002 105.19 104.8 105.77 104.36 6080.0 0.49
17/11/2002 106.28 105.24 106.36 104.85 6570.0 1.04
24/11/2002 106.5 106.33 107.1 106.34 4260.0 0.21
01/12/2002 105.38 106.59 107.38 104.95 12630.0 -1.05
08/12/2002 103.98 105.15 105.56 103.94 12360.0 -1.33
15/12/2002 104.0 104.33 104.78 103.58 7540.0 0.02
22/12/2002 102.78 103.62 104.48 102.78 3340.0 -1.17
29/12/2002 102.86 102.83 103.67 102.26 6990.0 0.08
05/01/2003 101.56 102.6 103.34 101.55 4730.0 -1.26
12/01/2003 100.89 101.71 102.03 100.62 2930.0 -0.66
19/01/2003 99.45 101.12 101.26 99.41 4160.0 -1.43
26/01/2003 100.14 99.44 100.47 99.05 6990.0 0.69
02/02/2003 99.77 100.46 100.7 98.87 7130.0 -0.37
09/02/2003 100.25 99.77 101.1 99.6 7630.0 0.48
16/02/2003 100.25 100.37 100.75 99.53 3410.0 0.0
23/02/2003 99.81 100.19 100.3 99.35 6790.0 -0.44
02/03/2003 98.1 99.75 99.82 97.62 14350.0 -1.71
09/03/2003 100.05 97.93 100.42 97.63 12150.0 1.99
16/03/2003 102.45 99.32 102.68 99.32 6260.0 2.4
23/03/2003 100.35 101.89 102.04 100.23 9010.0 -2.05
30/03/2003 100.88 100.4 101.18 99.17 5720.0 0.53
06/04/2003 100.56 101.25 102.19 99.85 5910.0 -0.32
13/04/2003 99.56 100.65 100.76 99.02 5260.0 -0.99
20/04/2003 98.62 99.5 100.15 98.36 7070.0 -0.94
27/04/2003 96.94 98.49 99.23 96.47 12430.0 -1.7
04/05/2003 95.16 97.0 97.04 94.89 9220.0 -1.84
11/05/2003 94.18 94.67 95.53 94.15 5040.0 -1.03
18/05/2003 93.13 93.63 94.1 93.01 5610.0 -1.11
25/05/2003 93.31 92.7 93.99 92.35 4860.0 0.19
01/06/2003 93.56 93.81 94.15 92.3 8480.0 0.27
08/06/2003 92.25 93.55 93.7 92.2 13320.0 -1.4
15/06/2003 94.45 92.53 94.73 92.37 10900.0 2.38
22/06/2003 95.49 94.51 95.68 93.88 13910.0 1.1
29/06/2003 94.75 95.49 95.7 94.3 5540.0 -0.77
06/07/2003 96.13 95.42 96.48 94.9 10680.0 1.46
13/07/2003 96.82 96.36 97.8 95.99 9610.0 0.72
20/07/2003 95.12 97.02 97.02 94.83 8400.0 -1.76
27/07/2003 96.87 95.18 97.72 95.0 5640.0 1.84
03/08/2003 96.57 96.7 96.85 95.67 4180.0 -0.31
10/08/2003 96.8 96.54 96.97 95.82 2600.0 0.24
17/08/2003 99.0 96.71 99.4 96.71 8190.0 2.27
24/08/2003 98.1 99.07 99.57 97.92 3480.0 -0.91
31/08/2003 97.13 98.2 99.4 97.07 6110.0 -0.99
07/09/2003 96.03 97.21 97.54 95.82 7450.0 -1.13
14/09/2003 95.34 96.13 97.24 95.13 13620.0 -0.72
21/09/2003 94.25 94.15 94.73 93.72 9560.0 -1.14
28/09/2003 93.53 94.24 94.68 92.43 13290.0 -0.76
05/10/2003 91.79 93.51 93.61 91.55 6410.0 -1.86
12/10/2003 92.6 92.31 93.33 91.93 7230.0 0.88
19/10/2003 91.51 92.27 92.99 91.23 9260.0 -1.18
26/10/2003 92.88 91.61 92.99 91.52 11060.0 1.5
02/11/2003 93.2 92.86 94.32 92.68 13680.0 0.34
09/11/2003 91.6 93.32 93.45 91.33 9910.0 -1.72
16/11/2003 90.75 91.14 91.95 90.37 19000.0 -0.93
23/11/2003 90.28 90.68 91.82 90.13 6180.0 -0.52
30/11/2003 89.19 90.15 90.6 89.1 9600.0 -1.21
07/12/2003 88.46 89.08 89.55 88.43 15360.0 -0.82
14/12/2003 88.53 88.89 88.93 88.18 4640.0 0.08
21/12/2003 87.93 88.64 88.6 87.76 7450.0 -0.68
28/12/2003 86.93 88.07 88.08 86.7 10640.0 -1.14
04/01/2004 85.39 86.75 86.96 85.27 10750.0 -1.77
11/01/2004 88.05 85.32 88.17 85.1 13590.0 3.12
18/01/2004 86.85 87.62 87.69 85.76 10240.0 -1.36
25/01/2004 87.42 86.94 88.07 86.38 11740.0 0.66
01/02/2004 86.2 87.34 87.91 86.02 9600.0 -1.4
08/02/2004 85.68 86.42 86.42 84.85 13950.0 -0.6
15/02/2004 87.4 85.23 87.53 84.77 13290.0 2.01
22/02/2004 87.42 87.35 88.13 86.08 15250.0 0.02
29/02/2004 88.23 87.11 89.95 87.11 17870.0 0.93
07/03/2004 89.09 88.23 89.44 87.67 10900.0 0.97
14/03/2004 88.54 89.16 89.46 87.8 8590.0 -0.62
21/03/2004 89.28 88.55 89.65 87.8 10490.0 0.84
28/03/2004 88.85 89.27 89.47 87.3 24310.0 -0.48
04/04/2004 89.29 88.94 89.8 88.45 8920.0 0.5
11/04/2004 90.24 89.25 91.02 89.15 14860.0 1.06
18/04/2004 91.36 90.02 91.66 89.65 6130.0 1.24
25/04/2004 90.68 91.49 91.79 90.54 8680.0 -0.74
02/05/2004 91.31 90.81 91.49 89.42 15190.0 0.69
09/05/2004 91.78 91.39 92.5 91.2 17120.0 0.51
16/05/2004 90.57 91.72 91.84 90.16 11140.0 -1.32
23/05/2004 88.98 90.58 91.06 88.59 15720.0 -1.76
30/05/2004 88.59 88.68 89.5 88.41 7830.0 -0.44
06/06/2004 90.0 88.45 89.81 88.06 13080.0 1.59
13/06/2004 89.43 90.54 90.77 89.38 12290.0 -0.63
20/06/2004 89.22 89.36 89.97 88.88 5740.0 -0.23
27/06/2004 88.18 89.05 89.86 88.15 23960.0 -1.17
04/07/2004 87.67 88.38 88.6 87.54 5900.0 -0.58
11/07/2004 87.3 87.46 88.32 87.24 9430.0 -0.42
18/07/2004 89.46 87.25 89.52 87.2 11890.0 2.47
25/07/2004 90.11 89.36 90.49 88.92 14630.0 0.73
01/08/2004 88.46 89.98 90.34 88.37 9080.0 -1.83
08/08/2004 87.97 88.47 89.28 87.94 8040.0 -0.55
15/08/2004 88.23 87.91 88.41 87.73 6280.0 0.3
22/08/2004 89.8 88.28 89.89 88.25 9270.0 1.78
29/08/2004 89.66 89.82 89.94 88.72 8130.0 -0.16
05/09/2004 88.37 89.4 89.77 88.14 10790.0 -1.44
12/09/2004 89.1 88.23 89.58 88.3 6290.0 0.83
19/09/2004 88.59 89.13 89.49 88.0 12000.0 -0.57
26/09/2004 87.76 88.46 88.72 87.47 10850.0 -0.94
03/10/2004 87.55 87.84 88.79 87.44 11140.0 -0.24
10/10/2004 87.22 87.54 88.72 86.98 13710.0 -0.38
17/10/2004 85.97 87.2 87.44 85.94 8430.0 -1.43
24/10/2004 84.98 85.55 85.94 84.85 12300.0 -1.15
31/10/2004 84.07 84.76 85.68 84.03 15330.0 -1.07
07/11/2004 83.71 83.99 84.78 83.7 12740.0 -0.43
14/11/2004 83.32 83.77 84.15 83.08 8940.0 -0.47
21/11/2004 81.81 83.35 83.54 81.78 8160.0 -1.81
28/11/2004 80.98 81.99 82.26 80.96 13060.0 -1.01
05/12/2004 82.59 80.94 83.06 80.94 29430.0 1.99
12/12/2004 82.23 82.63 82.83 81.49 10840.0 -0.44
19/12/2004 81.31 82.11 82.23 81.25 7070.0 -1.12
26/12/2004 81.0 81.33 81.38 80.48 14760.0 -0.38
02/01/2005 83.72 81.11 83.9 81.11 29650.0 3.36
09/01/2005 83.13 83.63 83.63 82.05 10590.0 -0.7
16/01/2005 83.34 83.6 84.07 82.95 7820.0 0.25
23/01/2005 83.53 83.18 84.14 83.08 10260.0 0.23
30/01/2005 84.45 83.68 84.48 83.27 9310.0 1.1
06/02/2005 84.61 84.51 85.46 84.38 13890.0 0.19
13/02/2005 83.52 84.51 84.51 83.37 11450.0 -1.29
20/02/2005 82.65 82.76 83.15 82.38 18560.0 -1.04
27/02/2005 82.53 82.5 83.4 82.28 9730.0 -0.15
06/03/2005 81.42 82.52 82.91 81.27 19310.0 -1.34
13/03/2005 82.1 81.27 82.4 81.43 8580.0 0.84
20/03/2005 84.11 82.05 84.16 82.05 20160.0 2.45
27/03/2005 84.4 84.3 84.75 83.5 12340.0 0.34
03/04/2005 84.41 84.47 85.1 84.31 12500.0 0.01
10/04/2005 84.5 84.51 85.31 83.95 16640.0 0.11
17/04/2005 83.45 84.45 84.71 83.31 12850.0 -1.24
24/04/2005 84.42 83.42 84.49 83.41 13370.0 1.16
01/05/2005 84.62 84.47 84.69 83.72 12270.0 0.24
08/05/2005 86.1 84.67 86.13 84.2 24930.0 1.75
15/05/2005 86.67 86.24 86.75 85.75 17510.0 0.66
22/05/2005 86.41 86.67 86.94 86.11 11420.0 -0.3
29/05/2005 88.04 86.9 88.34 86.82 25120.0 1.89
05/06/2005 88.72 87.96 88.79 87.12 21450.0 0.77
12/06/2005 87.56 88.68 89.26 87.54 12540.0 -1.31
19/06/2005 88.7 88.02 89.04 87.77 12420.0 1.3
26/06/2005 90.0 88.62 90.13 88.21 12400.0 1.47
03/07/2005 90.15 90.15 90.66 89.6 7620.0 0.17
10/07/2005 89.62 90.1 90.1 88.15 18750.0 -0.59
17/07/2005 89.52 89.63 90.28 88.3 14030.0 -0.11
24/07/2005 89.23 89.6 90.37 89.01 10590.0 -0.32
31/07/2005 87.95 89.26 89.35 87.5 26890.0 -1.43
07/08/2005 86.83 88.13 88.13 86.69 21390.0 -1.27
14/08/2005 88.49 86.8 88.82 86.81 16600.0 1.91
21/08/2005 87.83 88.5 88.62 87.37 14120.0 -0.75
28/08/2005 86.25 87.71 88.67 86.02 30030.0 -1.8
04/09/2005 86.89 86.13 87.2 85.97 21530.0 0.74
11/09/2005 88.04 86.8 88.28 86.78 14770.0 1.32
18/09/2005 88.98 88.49 89.04 87.51 17160.0 1.07
25/09/2005 89.35 89.21 89.6 88.75 17390.0 0.42
02/10/2005 88.95 89.27 90.05 88.35 27500.0 -0.45
09/10/2005 89.18 88.83 90.28 88.75 26490.0 0.26
16/10/2005 90.18 89.35 90.55 88.96 28600.0 1.12
23/10/2005 89.46 90.15 90.22 88.64 21050.0 -0.8
30/10/2005 91.16 89.42 91.27 89.26 26820.0 1.9
06/11/2005 91.89 91.23 92.03 91.08 14080.0 0.8
13/11/2005 91.87 91.71 92.53 91.47 21050.0 -0.02
20/11/2005 91.98 91.74 92.27 91.18 16450.0 0.12
27/11/2005 91.88 91.95 92.33 90.7 47070.0 -0.11
04/12/2005 91.21 91.93 92.1 90.98 43160.0 -0.73
11/12/2005 89.67 91.44 91.44 89.49 14070.0 -1.69
18/12/2005 90.55 89.51 90.98 89.54 19530.0 0.98
25/12/2005 90.96 90.63 91.26 90.28 14970.0 0.45
01/01/2006 88.62 90.49 90.68 88.56 22840.0 -2.57
08/01/2006 88.66 88.72 89.47 88.52 14900.0 0.05
15/01/2006 88.78 88.88 89.5 88.71 9640.0 0.14
22/01/2006 89.19 88.57 89.26 87.69 20380.0 0.46
29/01/2006 89.74 89.06 90.14 88.55 27840.0 0.62
05/02/2006 90.47 89.78 90.5 89.58 27870.0 0.81
12/02/2006 90.56 90.5 90.94 90.09 20090.0 0.1
19/02/2006 90.58 90.35 90.8 90.02 15890.0 0.02
26/02/2006 89.63 90.81 90.84 89.45 26630.0 -1.05
05/03/2006 90.88 89.32 91.18 89.23 25640.0 1.39
12/03/2006 88.53 90.8 90.86 88.45 47670.0 -2.59
19/03/2006 89.69 88.65 90.26 88.61 20560.0 1.31
26/03/2006 89.39 89.72 90.08 88.96 13430.0 -0.33
02/04/2006 89.31 89.39 90.03 88.13 26410.0 -0.09
09/04/2006 89.37 89.33 89.58 88.91 7330.0 0.07
16/04/2006 87.77 88.48 88.6 87.47 21300.0 -1.79
23/04/2006 85.88 87.43 87.62 85.77 32430.0 -2.15
30/04/2006 84.92 85.69 86.1 84.82 22290.0 -1.12
07/05/2006 83.83 84.92 85.27 83.41 19620.0 -1.28
14/05/2006 84.73 83.42 85.27 83.42 21220.0 1.07
21/05/2006 85.19 84.75 85.35 84.14 14990.0 0.54
28/05/2006 84.0 84.95 85.22 83.83 12920.0 -1.4
04/06/2006 85.71 83.95 86.03 83.66 29420.0 2.04
11/06/2006 85.94 85.89 86.46 85.7 20050.0 0.27
18/06/2006 86.45 85.98 86.68 85.19 23880.0 0.59
25/06/2006 84.9 86.44 86.52 84.77 19520.0 -1.79
02/07/2006 84.64 84.83 85.42 84.42 10690.0 -0.31
09/07/2006 85.78 84.67 86.0 84.66 18240.0 1.35
16/07/2006 85.67 85.84 87.05 85.55 24480.0 -0.13
23/07/2006 85.19 85.62 86.52 85.07 16450.0 -0.56
30/07/2006 84.38 85.18 85.44 84.17 15360.0 -0.95
06/08/2006 85.39 84.34 85.45 84.27 11640.0 1.2
13/08/2006 84.98 85.36 85.55 84.46 9710.0 -0.48
20/08/2006 85.3 84.87 85.49 84.27 7690.0 0.38
27/08/2006 84.89 85.27 85.32 84.63 7930.0 -0.48
03/09/2006 85.96 84.67 86.03 84.8 19540.0 1.26
10/09/2006 86.01 85.97 86.14 85.45 17170.0 0.06
17/09/2006 84.87 86.04 86.07 84.56 16000.0 -1.33
24/09/2006 85.68 84.87 85.94 84.68 20190.0 0.95
01/10/2006 86.2 85.72 86.39 85.19 12870.0 0.61
08/10/2006 86.87 86.25 87.08 86.18 16950.0 0.78
15/10/2006 86.06 86.98 87.02 85.9 15350.0 -0.93
22/10/2006 85.34 86.13 86.72 85.22 24360.0 -0.84
29/10/2006 85.54 85.41 85.75 84.95 18490.0 0.23
05/11/2006 84.88 85.54 85.77 84.55 16060.0 -0.77
12/11/2006 85.29 84.84 85.58 84.72 9230.0 0.48
19/11/2006 84.53 85.27 85.37 84.32 10670.0 -0.89
26/11/2006 82.42 83.29 83.68 82.28 23240.0 -2.5
03/12/2006 83.3 82.27 83.3 82.18 23800.0 1.07
10/12/2006 84.07 83.34 84.12 82.84 23950.0 0.92
17/12/2006 83.67 83.98 84.19 82.94 6450.0 -0.48
24/12/2006 83.43 83.57 83.87 83.27 5350.0 -0.29
31/12/2006 84.4 83.19 84.59 82.9 16870.0 1.16
07/01/2007 84.82 84.43 85.17 84.23 12940.0 0.5
14/01/2007 84.68 84.75 85.05 84.45 5350.0 -0.17
21/01/2007 85.11 84.73 85.25 84.28 11640.0 0.51
28/01/2007 84.79 85.1 85.19 84.25 16510.0 -0.38
04/02/2007 84.75 84.85 85.05 84.49 9070.0 -0.05
11/02/2007 83.99 84.72 85.09 83.82 24250.0 -0.9
18/02/2007 83.99 83.94 84.44 83.81 11750.0 0.0
25/02/2007 83.64 83.86 84.03 83.32 18690.0 -0.42
04/03/2007 84.21 83.66 84.36 83.66 23940.0 0.68
11/03/2007 83.23 84.22 84.23 83.04 20450.0 -1.16
18/03/2007 83.0 83.13 83.4 82.4 9620.0 -0.28
25/03/2007 82.66 83.15 83.2 82.38 7240.0 -0.41
01/04/2007 82.76 82.64 82.97 82.37 8250.0 0.12
08/04/2007 81.925 82.78 82.97 81.76 8980.0 -1.01
15/04/2007 81.45 81.79 82.0 81.31 13010.0 -0.58
22/04/2007 81.35 81.41 81.75 81.1 12660.0 -0.12
29/04/2007 81.62 81.36 81.88 81.1 12240.0 0.33
06/05/2007 82.02 81.46 82.29 81.4 12000.0 0.49
13/05/2007 82.11 82.01 82.32 81.54 11650.0 0.11
20/05/2007 82.27 82.05 82.5 82.02 5350.0 0.19
27/05/2007 82.29 82.3 82.56 81.97 12070.0 0.02
03/06/2007 82.69 82.26 82.88 81.66 24500.0 0.49
10/06/2007 82.86 82.7 83.26 82.63 19680.0 0.21
17/06/2007 82.11 82.78 82.75 82.08 17520.0 -0.91
24/06/2007 81.69 82.12 82.25 81.66 13550.0 -0.51
01/07/2007 81.26 81.655 81.68 81.08 26530.0 -0.53
08/07/2007 80.39 81.245 81.36 80.28 20490.0 -1.07
15/07/2007 80.15 80.34 80.49 79.96 10480.0 -0.3
22/07/2007 80.81 79.97 80.89 79.87 22890.0 0.82
29/07/2007 80.06 80.84 80.89 80.05 17290.0 -0.93
05/08/2007 80.595 79.97 80.84 79.855 18750.0 0.67
12/08/2007 81.36 80.625 82.0 80.65 33420.0 0.95
19/08/2007 80.61 81.27 81.51 80.54 11560.0 -0.92
26/08/2007 80.745 80.63 80.96 80.39 6330.0 0.17
02/09/2007 79.91 80.755 81.1 79.81 20450.0 -1.03
09/09/2007 79.62 79.87 79.935 79.29 28740.0 -0.36
16/09/2007 78.48 79.59 79.7 78.34 17520.0 -1.43
23/09/2007 77.625 78.265 78.565 77.58 19770.0 -1.09
30/09/2007 78.235 77.67 78.75 77.71 15980.0 0.79
07/10/2007 78.16 78.22 78.8 77.88 12520.0 -0.1
14/10/2007 77.37 78.115 78.27 77.31 11180.0 -1.01
21/10/2007 76.98 77.29 78.17 76.95 10660.0 -0.5
28/10/2007 76.3 76.79 77.065 76.21 11980.0 -0.88
04/11/2007 75.39 76.315 76.47 75.08 19210.0 -1.19
11/11/2007 75.84 75.585 76.23 75.41 10330.0 0.6
18/11/2007 74.86 75.755 75.955 74.765 7390.0 -1.29
25/11/2007 76.17 75.065 76.215 74.76 12890.0 1.75
02/12/2007 76.34 76.1 76.815 75.615 13310.0 0.22
09/12/2007 77.44 76.365 77.48 75.93 21390.0 1.44
16/12/2007 77.74 77.345 77.86 77.29 6700.0 0.39
23/12/2007 76.235 77.585 77.66 76.15 8260.0 -1.94
30/12/2007 75.82 76.095 76.75 75.45 10190.0 -0.54
06/01/2008 76.04 75.995 76.58 75.86 8960.0 0.29
13/01/2008 76.5 75.975 76.62 75.27 22160.0 0.6
20/01/2008 76.115 76.785 77.5 75.77 16160.0 -0.5
27/01/2008 75.565 76.215 76.215 74.66 16400.0 -0.72
03/02/2008 76.82 75.585 77.195 75.39 21560.0 1.66
10/02/2008 76.21 76.72 76.86 75.935 12720.0 -0.79
17/02/2008 75.575 76.165 76.64 75.435 18060.0 -0.83
24/02/2008 73.75 75.59 75.765 73.63 19660.0 -2.41
02/03/2008 73.045 73.65 74.0 72.455 35080.0 -0.96
09/03/2008 71.675 72.86 73.41 71.59 59940.0 -1.88
16/03/2008 73.23 71.22 73.5 70.805 17710.0 2.17
23/03/2008 72.105 73.35 73.67 71.75 21550.0 -1.54
30/03/2008 72.36 72.12 73.16 71.7 21740.0 0.35
06/04/2008 72.065 72.26 72.75 71.68 18290.0 -0.41
13/04/2008 72.255 72.535 74.5 71.51 31630.0 0.26
20/04/2008 73.03 72.23 73.25 71.05 40320.0 1.07
27/04/2008 73.69 72.905 73.9 72.655 33920.0 0.9
04/05/2008 73.225 73.615 74.065 72.9 23440.0 -0.63
11/05/2008 72.96 73.21 74.0 72.8 34160.0 -0.36
18/05/2008 71.97 72.96 73.31 71.935 33740.0 -1.36
25/05/2008 72.95 72.0 73.29 71.915 23210.0 1.36
01/06/2008 72.43 72.95 73.93 72.365 33520.0 -0.71
08/06/2008 74.17 72.33 74.32 72.17 52160.0 2.4
15/06/2008 73.38 73.95 74.195 73.29 15600.0 -1.07
22/06/2008 72.67 73.43 74.04 72.555 23820.0 -0.97
29/06/2008 72.99 72.58 73.295 72.305 21920.0 0.44
06/07/2008 72.345 72.99 73.49 72.075 24080.0 -0.88
13/07/2008 72.425 72.3 72.675 71.555 19590.0 0.11
20/07/2008 73.075 72.42 73.23 71.96 29930.0 0.9
27/07/2008 73.6 73.065 73.965 72.805 30780.0 0.72
03/08/2008 76.01 73.54 76.095 73.365 33750.0 3.27
10/08/2008 77.35 76.215 77.435 75.695 41390.0 1.76
17/08/2008 76.895 77.265 77.565 76.155 34580.0 -0.59
24/08/2008 77.5 76.865 77.71 76.67 25650.0 0.79
31/08/2008 79.0 77.33 79.485 77.32 42000.0 1.94
07/09/2008 78.975 79.2 80.395 78.245 71810.0 -0.03
14/09/2008 77.94 78.525 79.95 77.31 32510.0 -1.31
21/09/2008 77.045 77.67 77.89 76.025 35330.0 -1.15
28/09/2008 80.58 77.2 81.25 77.115 33970.0 4.59
05/10/2008 83.31 81.295 83.5 80.59 32260.0 3.39
12/10/2008 82.835 82.31 83.1 81.1 23590.0 -0.57
19/10/2008 86.95 82.89 87.585 82.0 37920.0 4.97
26/10/2008 86.345 86.905 88.495 83.75 28940.0 -0.7
02/11/2008 86.45 86.345 87.48 84.455 19670.0 0.12
09/11/2008 86.785 86.065 88.635 85.545 18110.0 0.39
16/11/2008 88.415 88.185 89.25 86.375 18880.0 1.88
23/11/2008 86.705 87.64 87.925 84.65 23130.0 -1.93
30/11/2008 87.19 86.58 87.85 86.185 16780.0 0.56
07/12/2008 83.63 87.045 87.045 83.245 36710.0 -4.08
14/12/2008 82.435 83.23 83.325 79.5 31990.0 -1.43
21/12/2008 81.69 82.32 82.385 81.415 5880.0 -0.9
28/12/2008 82.805 81.825 82.895 80.43 10740.0 1.36
04/01/2009 83.455 82.465 84.98 81.99 21800.0 0.78
11/01/2009 84.835 83.365 85.92 83.365 15660.0 1.65
18/01/2009 86.19 84.28 87.405 84.1 18510.0 1.6
25/01/2009 86.46 86.265 86.86 84.02 21990.0 0.31
01/02/2009 85.645 86.685 86.97 85.125 21830.0 -0.94
08/02/2009 86.325 85.565 87.12 84.665 30660.0 0.79
15/02/2009 86.7 86.955 88.57 86.435 26300.0 0.43
22/02/2009 88.15 85.92 88.675 85.81 24650.0 1.67
01/03/2009 88.55 88.4 89.71 87.91 35340.0 0.45
08/03/2009 87.455 88.62 89.47 87.195 39740.0 -1.24
15/03/2009 84.34 87.095 87.845 83.145 31480.0 -3.56
22/03/2009 85.58 84.03 85.86 83.38 28880.0 1.47
29/03/2009 84.555 85.97 86.615 84.465 21150.0 -1.2
05/04/2009 86.075 84.315 86.24 84.1 18470.0 1.8
12/04/2009 86.295 85.74 86.34 84.715 19980.0 0.26
19/04/2009 84.92 86.36 87.22 84.635 32920.0 -1.59
26/04/2009 84.705 84.865 86.23 84.035 21570.0 -0.25
03/05/2009 82.64 84.74 85.03 82.495 26590.0 -2.44
10/05/2009 83.15 82.41 83.225 81.98 27790.0 0.62
17/05/2009 80.055 83.0 83.335 79.905 40240.0 -3.72
24/05/2009 79.43 80.0 81.195 79.255 29350.0 -0.78
31/05/2009 80.73 79.305 80.885 78.375 43170.0 1.64
07/06/2009 80.175 80.9 81.53 79.2 56840.0 -0.69
14/06/2009 80.63 80.525 81.795 80.31 21050.0 0.57
21/06/2009 80.105 80.62 81.3 79.9 35680.0 -0.65
28/06/2009 80.665 80.05 80.75 79.565 20490.0 0.7
05/07/2009 80.43 80.605 81.165 79.88 26300.0 -0.29
12/07/2009 79.505 80.4 80.7 79.285 27290.0 -1.15
19/07/2009 78.895 79.52 79.605 78.585 29570.0 -0.77
26/07/2009 78.45 78.805 79.81 78.31 31810.0 -0.56
02/08/2009 79.105 78.16 79.21 77.52 38160.0 0.83
09/08/2009 79.005 78.825 79.515 78.305 29780.0 -0.13
16/08/2009 78.1 78.99 79.695 77.81 34670.0 -1.15
23/08/2009 78.385 78.05 78.895 77.86 32360.0 0.36
30/08/2009 78.165 78.355 79.01 77.975 36700.0 -0.28
06/09/2009 76.64 78.16 78.17 76.445 59210.0 -1.95
13/09/2009 76.67 76.65 77.315 76.23 27290.0 0.04
20/09/2009 77.015 76.75 77.335 76.045 38790.0 0.45
27/09/2009 77.215 76.88 77.735 76.68 46320.0 0.26
04/10/2009 76.62 77.21 77.235 75.68 40660.0 -0.77
11/10/2009 75.77 76.52 76.845 75.405 52240.0 -1.11
18/10/2009 75.6 75.8 76.07 75.085 62900.0 -0.22
25/10/2009 76.475 75.6 76.735 75.34 90420.0 1.16
01/11/2009 75.94 76.475 77.5 75.59 101570.0 -0.7
08/11/2009 75.425 75.81 75.88 74.855 77710.0 -0.68
15/11/2009 75.73 75.36 76.5 74.75 77600.0 0.4
22/11/2009 75.04 75.8 75.845 74.21 70350.0 -0.91
29/11/2009 75.97 75.0 76.0 74.31 102680.0 1.24
06/12/2009 76.585 75.75 76.74 75.48 120490.0 0.81
13/12/2009 78.195 76.61 78.5 76.26 96370.0 2.1
20/12/2009 78.175 78.165 78.77 77.85 54070.0 -0.03
27/12/2009 78.22 78.1 78.55 77.665 36940.0 0.06
03/01/2010 77.655 78.355 78.59 77.39 93120.0 -0.72
10/01/2010 77.48 77.63 77.66 76.74 86450.0 -0.23
17/01/2010 78.43 77.5 79.0 77.09 89090.0 1.23
24/01/2010 79.65 78.43 79.68 78.2 100470.0 1.56
31/01/2010 80.595 79.61 80.82 78.83 128840.0 1.19
07/02/2010 80.41 80.56 80.835 79.65 161930.0 -0.23
14/02/2010 80.72 80.47 81.43 79.61 107050.0 0.39
21/02/2010 80.44 80.69 81.195 80.145 113360.0 -0.35
28/02/2010 80.46 80.535 81.34 79.835 125680.0 0.02
07/03/2010 79.84 80.425 80.88 79.65 143480.0 -0.77
14/03/2010 80.975 79.77 81.135 79.73 97100.0 1.42
21/03/2010 81.978 80.975 82.52 80.775 119150.0 1.24
28/03/2010 81.444 81.62 81.94 80.52 98620.0 -0.65
04/04/2010 81.241 81.285 82.06 81.01 97980.0 -0.25
11/04/2010 80.944 80.85 81.035 80.14 111820.0 -0.37
18/04/2010 81.498 81.01 82.2 80.86 96940.0 0.68
25/04/2010 81.991 81.58 82.87 81.36 116710.0 0.6
02/05/2010 84.659 82.05 85.46 81.87 221590.0 3.25
09/05/2010 86.231 83.9 86.435 83.07 135560.0 1.86
16/05/2010 85.537 86.41 87.625 85.325 210080.0 -0.8
23/05/2010 86.582 85.68 87.55 85.655 137920.0 1.22
30/05/2010 88.315 86.86 88.405 86.22 104210.0 2.0
06/06/2010 87.517 88.4 88.8 86.77 135440.0 -0.9
13/06/2010 85.976 87.4 87.4 85.735 62590.0 -1.76
20/06/2010 85.579 85.67 86.71 85.36 96020.0 -0.46
27/06/2010 84.67 85.58 86.6 84.36 109700.0 -1.06
04/07/2010 84.152 84.725 85.075 83.835 74020.0 -0.61
11/07/2010 82.658 84.08 84.725 82.25 102530.0 -1.78
18/07/2010 82.629 82.79 83.64 82.355 102540.0 -0.04
25/07/2010 81.655 82.7 82.815 81.565 78840.0 -1.18
01/08/2010 80.496 81.57 81.67 80.17 83170.0 -1.42
08/08/2010 83.038 80.485 83.35 80.345 108980.0 3.16
15/08/2010 83.16 83.03 83.43 81.995 80780.0 0.15
22/08/2010 82.968 83.165 83.635 82.665 134320.0 -0.23
29/08/2010 82.124 82.85 83.405 82.015 98170.0 -1.02
05/09/2010 82.701 82.05 82.995 81.885 93270.0 0.7
12/09/2010 81.641 82.675 82.68 81.075 101620.0 -1.28
19/09/2010 79.599 81.665 81.74 79.465 116030.0 -2.5
26/09/2010 78.313 79.53 80.01 78.22 114860.0 -1.62
03/10/2010 77.563 78.24 78.9 77.15 127490.0 -0.96
10/10/2010 77.268 77.15 78.17 76.335 123920.0 -0.38
17/10/2010 77.685 77.255 78.61 75.85 136630.0 0.54
24/10/2010 77.457 77.55 78.51 76.875 115920.0 -0.29
31/10/2010 76.691 77.105 77.625 75.235 135530.0 -0.99
07/11/2010 78.231 76.69 78.64 76.515 154780.0 2.01
14/11/2010 78.594 78.325 79.585 78.015 130550.0 0.46
21/11/2010 80.433 78.35 80.6 78.06 90570.0 2.34
28/11/2010 79.407 80.275 81.525 79.06 165340.0 -1.28
05/12/2010 80.066 79.3 80.425 79.17 129180.0 0.83
12/12/2010 80.752 80.21 81.01 79.145 81420.0 0.86
19/12/2010 80.832 80.75 81.185 80.575 51990.0 0.1
26/12/2010 79.288 80.82 81.01 79.025 50050.0 -1.91
02/01/2011 81.321 79.31 81.455 79.115 123820.0 2.56
09/01/2011 79.366 81.49 81.635 78.97 124500.0 -2.4
16/01/2011 78.37 79.3 79.765 78.01 107580.0 -1.25
23/01/2011 78.28 78.3 78.63 77.705 115510.0 -0.11
30/01/2011 78.157 78.39 78.47 77.0 114390.0 -0.16
06/02/2011 78.565 78.17 78.795 77.58 103850.0 0.52
13/02/2011 77.72 78.495 78.98 77.57 102120.0 -1.08
20/02/2011 77.3 77.71 78.39 76.975 91470.0 -0.54
27/02/2011 76.416 77.255 77.435 76.285 133820.0 -1.14
06/03/2011 76.77 76.35 77.55 76.145 145280.0 0.46
13/03/2011 75.971 76.55 77.39 75.79 124450.0 -1.04
20/03/2011 76.485 75.87 76.56 75.59 128100.0 0.68
27/03/2011 76.083 76.52 76.87 75.885 116160.0 -0.53
03/04/2011 75.273 76.23 76.4 75.06 102600.0 -1.06
10/04/2011 75.028 75.165 75.455 74.825 109730.0 -0.33
17/04/2011 74.18 75.085 76.055 73.935 113780.0 -1.13
24/04/2011 73.107 74.3 74.52 73.015 109170.0 -1.45
01/05/2011 75.08 73.185 75.18 72.86 214760.0 2.7
08/05/2011 75.938 75.025 76.14 74.53 224240.0 1.14
15/05/2011 75.579 76.08 76.19 75.085 191090.0 -0.47
22/05/2011 75.018 75.845 76.54 74.895 156710.0 -0.74
29/05/2011 73.807 74.94 75.1 73.725 127280.0 -1.61
05/06/2011 74.798 73.77 74.935 73.515 174740.0 1.34
12/06/2011 75.461 74.805 76.505 74.59 130960.0 0.89
19/06/2011 76.21 75.615 76.28 74.865 152980.0 0.99
26/06/2011 74.674 76.19 76.59 74.505 148340.0 -2.02
03/07/2011 75.514 74.515 75.745 74.405 94180.0 1.12
10/07/2011 75.52 75.56 77.175 74.99 184990.0 0.01
17/07/2011 74.412 75.52 76.115 74.125 150320.0 -1.47
24/07/2011 74.036 74.18 74.685 73.585 131470.0 -0.51
31/07/2011 74.802 74.13 75.645 73.755 184110.0 1.03
07/08/2011 74.743 74.39 75.39 73.905 169480.0 -0.08
14/08/2011 74.106 74.675 74.745 73.515 114240.0 -0.85
21/08/2011 73.869 74.14 74.55 73.635 108350.0 -0.32
28/08/2011 74.839 73.785 74.865 73.565 108090.0 1.31
04/09/2011 77.3 74.91 77.375 74.67 185480.0 3.29
11/09/2011 76.593 77.58 77.885 76.09 163900.0 -0.91
18/09/2011 79.228 77.07 79.4 76.965 162190.0 3.44
25/09/2011 79.075 78.995 79.645 77.835 150400.0 -0.19
02/10/2011 79.149 79.44 80.43 78.45 171450.0 0.09
09/10/2011 76.907 79.075 79.18 76.795 126050.0 -2.83
16/10/2011 76.628 76.81 77.855 76.465 159870.0 -0.36
23/10/2011 75.216 76.6 76.87 74.86 166700.0 -1.84
30/10/2011 77.162 75.215 77.84 75.11 178530.0 2.59
06/11/2011 77.131 77.05 78.42 76.675 116770.0 -0.04
13/11/2011 78.255 76.975 78.69 76.925 119550.0 1.46
20/11/2011 79.831 78.23 79.875 78.145 74360.0 2.01
27/11/2011 78.731 79.45 79.58 78.01 118000.0 -1.38
04/12/2011 78.681 78.735 79.185 78.15 90560.0 -0.06
11/12/2011 80.249 78.78 80.775 78.69 146280.0 1.99
18/12/2011 80.236 80.3 80.94 79.55 68470.0 -0.02
25/12/2011 80.522 80.15 81.31 80.04 54660.0 0.36
01/01/2012 81.597 80.155 81.72 79.83 79420.0 1.34
08/01/2012 81.791 81.67 82.045 80.735 76660.0 0.24
15/01/2012 80.406 81.67 81.68 80.185 78900.0 -1.69
22/01/2012 79.011 80.535 80.585 78.89 143430.0 -1.73
29/01/2012 79.057 78.96 79.665 78.745 127570.0 0.06
05/02/2012 79.226 79.19 79.645 78.43 133430.0 0.21
12/02/2012 79.456 78.95 80.24 78.715 127270.0 0.29
19/02/2012 78.401 79.2 79.465 78.26 114610.0 -1.33
26/02/2012 79.462 78.45 79.515 78.12 149140.0 1.35
04/03/2012 80.084 79.515 80.095 79.1 125780.0 0.78
11/03/2012 79.734 80.025 80.725 79.69 122140.0 -0.44
18/03/2012 79.576 80.065 80.195 79.325 96620.0 -0.2
25/03/2012 79.138 79.495 79.94 78.87 111050.0 -0.55
01/04/2012 80.293 79.035 80.365 78.795 74540.0 1.46
08/04/2012 80.055 80.05 80.32 79.365 101570.0 -0.3
15/04/2012 79.313 80.085 80.345 79.225 99490.0 -0.93
22/04/2012 78.757 79.375 79.775 78.72 94970.0 -0.7
29/04/2012 79.587 78.79 79.615 78.665 97020.0 1.05
06/05/2012 80.404 79.79 80.48 79.63 135810.0 1.03
13/05/2012 81.424 80.56 81.93 80.49 196910.0 1.27
20/05/2012 82.523 81.295 82.61 81.025 146710.0 1.35
27/05/2012 82.973 82.265 83.67 81.9 169990.0 0.55
03/06/2012 82.562 82.885 83.15 81.96 146530.0 -0.5
10/06/2012 81.605 82.0 82.755 81.255 159870.0 -1.16
17/06/2012 82.442 81.235 82.67 81.225 129360.0 1.03
24/06/2012 81.753 82.49 83.07 81.56 135270.0 -0.84
01/07/2012 83.561 81.73 83.605 81.655 95110.0 2.21
08/07/2012 83.474 83.56 83.985 83.135 103750.0 -0.1
15/07/2012 83.573 83.4 83.77 82.8 91080.0 0.12
22/07/2012 82.765 83.75 84.245 82.4 130370.0 -0.97
29/07/2012 82.446 82.755 83.61 82.225 111090.0 -0.39
05/08/2012 82.631 82.405 82.945 82.065 81990.0 0.22
12/08/2012 82.663 82.64 82.96 82.25 76380.0 0.04
19/08/2012 81.603 82.56 82.765 81.22 103150.0 -1.28
26/08/2012 81.216 81.615 81.84 80.96 70260.0 -0.47
02/09/2012 80.234 81.21 81.675 80.14 89660.0 -1.21
09/09/2012 78.841 80.185 80.4 78.6 121830.0 -1.74
16/09/2012 79.398 78.84 79.755 78.75 80970.0 0.71
23/09/2012 80.025 79.42 80.09 79.375 92160.0 0.79
30/09/2012 79.428 80.045 80.25 79.18 85260.0 -0.75
07/10/2012 79.74 79.465 80.31 79.43 83950.0 0.39
14/10/2012 79.688 79.82 80.045 78.97 87540.0 -0.07
21/10/2012 80.156 79.7 80.375 79.535 97010.0 0.59
28/10/2012 80.683 80.075 80.74 79.72 88890.0 0.66
04/11/2012 81.098 80.71 81.175 80.365 121650.0 0.51
11/11/2012 81.31 81.105 81.515 80.94 107640.0 0.26
18/11/2012 80.236 81.25 81.3 80.155 72230.0 -1.32
25/11/2012 80.163 80.23 80.61 80.025 83440.0 -0.09
02/12/2012 80.402 80.195 80.975 79.565 120650.0 0.3
09/12/2012 79.56 80.54 80.57 79.365 115090.0 -1.05
16/12/2012 79.712 79.59 79.735 79.015 100060.0 0.19
23/12/2012 79.785 79.7 80.05 79.42 48870.0 0.09
30/12/2012 80.61 79.735 80.995 79.46 104700.0 1.03
