20 7 1
0.87031 1.4651 0.27067 7.8519 -1.6305 3.9735 0.35424 -5.2209 -0.50528 7.1992 -0.42189 -0.35345 2.2605 -7.251 -1.0087 -4.7864 -1.3209 -4.8532 4.5358 -5.6682 
-0.14671 -4.0633 -6.6477 1.3475 0.2959 -5.4436 0.56126 -0.54708 0.62201 6.0493 -1.001 1.0641 1.6076 1.647 2.9035 0.10431 -0.58095 4.5569 2.3805 -0.60294 
-0.5131 2.3352 1.3307 4.0941 -0.13625 1.1283 -2.1186 -0.94287 -2.267 -6.7313 -5.004 -0.335 1.6519 1.6861 -2.1566 0.085266 -1.1361 -7.0052 -4.8118 -1.6365 
0.29292 -2.441 0.27951 7.4595 -0.464 0.024396 1.7209 -6.1403 -1.4855 1.1638 -4.535 0.51009 0.70012 0.52586 -0.242 0.7035 0.53282 -3.2726 0.37138 0.11046 
-14.526 -11.339 -3.7903 -0.13863 -1.9881 2.2548 -1.0944 0.12964 8.3203 -0.23247 0.65584 -4.166 7.3813 -3.5134 7.702 0.65864 -2.4131 6.634 2.3026 -4.1717 
1.2779 1.4298 -2.7153 1.8459 4.3237 -1.2653 -0.12414 4.5528 -2.8807 -3.2707 -0.88447 4.4805 4.4403 2.0496 -3.0786 0.41178 -2.8535 -10.34 -4.6793 3.656 
1.5339 0.24516 -0.85819 -0.73457 -0.51748 -1.7092 0.92696 0.15643 -1.5071 0.046648 1.8591 -0.74847 -0.77543 -0.13394 -0.46808 3.4362 1.5615 0.12491 0.35504 -1.9293 
2.0 3.322 2.6204 -1.6996 -1.6138 -2.1589 -3.1986
-8.1464 -0.87485 1.0319 0.05386 5.6064 6.6315 6.2381 
0.25151 
