20 20 20 20 20 20 20 1
-0.32407 -0.20191 -0.39843 -0.09338 -0.26934 -0.59002 0.30802 0.34721 0.049617 -0.81717 0.074627 -0.21975 -0.37616 1.0239 0.46358 0.44086 0.6153 0.59067 0.48625 -0.071572
0.63304 0.52032 -0.029382 -0.88697 -0.20416 0.3581 -0.47488 0.34261 -0.1802 -0.10597 -0.014541 0.025522 -0.45211 -0.97851 -0.36779 -0.073299 0.23184 0.057319 -0.45842 -0.79778
0.45158 -0.27208 -0.53051 -0.071359 0.7325 0.72516 0.40234 0.63482 0.078992 0.66945 -0.091284 0.42975 0.21876 -0.51504 -0.60625 0.16741 -0.64832 0.34318 -0.20887 0.35372
1.6126 0.36088 1.0814 2.7806 -0.90846 1.846 0.69828 0.67746 0.51804 -0.37206 -1.9658 -0.35266 -0.049668 0.06826 -0.21422 0.11804 1.5905 -1.0198 -1.1253 -1.3809
-0.28621 -0.39666 -0.042805 -0.11053 -0.11234 -0.32071 -1.0932 -0.67291 -0.19198 0.38824 0.24538 -0.69089 0.34727 0.19896 -0.58795 0.81422 -0.18092 0.35405 0.47283 1.4395
0.27836 0.36005 -0.13743 0.35915 0.3802 -0.096456 1.3678 1.1139 0.57228 0.19071 -0.70842 -0.1945 -0.39106 0.055971 0.35889 -0.031458 0.28867 0.37669 -0.23202 -0.65273
-0.00088565 -0.73462 -1.3606 0.2783 -0.43644 -0.74858 -2.3255 -1.7146 -0.13249 0.08972 -0.45951 -0.8251 -0.23388 0.96507 -0.092764 0.7931 0.76149 0.50522 -0.23254 1.6608
-0.2987 -0.16988 0.13145 0.3465 -0.37912 0.39411 0.53242 -0.27335 -0.52354 0.54434 0.66726 -0.20559 -0.81787 -0.91456 -0.059048 0.42918 0.24069 0.63673 0.095869 -0.26396
-0.28872 0.25373 -0.031954 -0.029293 0.55113 -0.58325 -0.12229 -0.1507 -0.10491 0.30817 0.67545 -0.61557 0.2228 -0.088853 0.18652 0.56378 0.11085 -0.51348 -0.14803 -0.023756
0.45586 0.30758 0.38659 -0.27497 0.49678 1.1237 -1.0434 0.9203 0.3304 -0.44996 -0.41256 -0.42311 -0.0020846 -1.534 -0.95313 1.8329 -1.0144 -0.32929 -2.3881 -0.78537
0.094946 -0.24495 0.51266 0.26435 -0.18505 -0.06319 -0.39526 -0.44819 0.42453 0.35933 0.50935 0.51974 0.65217 0.20701 -0.44591 0.5294 0.042549 0.63394 0.46125 -0.20463
0.097687 -0.068575 -0.46813 -0.75075 -0.81339 -0.25636 -0.36919 0.19893 0.22369 0.59611 0.18723 0.46552 0.41872 0.58133 1.3473 0.41477 1.8399 0.26116 1.3451 1.0137
0.10613 0.56564 -0.34916 -0.53484 -0.30458 -0.25334 0.28904 0.4192 -0.65476 0.17988 -0.08236 -0.8004 0.45286 0.30883 -0.47706 -0.41899 -0.36681 0.4993 0.046807 0.20593
0.4954 0.4085 -0.74315 -1.4082 0.54863 0.32882 -0.60328 0.5635 0.087031 -0.57741 -0.16614 0.51649 0.53855 -0.58273 0.72332 0.35404 0.015302 -0.032737 0.052609 1.4792
-1.9204 0.78869 0.024675 -1.6887 -0.25132 -1.0173 -0.81765 -0.29004 -1.4298 -0.28522 -0.90401 -1.151 -0.7136 -0.36745 0.78267 0.31037 0.19601 -0.61364 -0.26907 0.78751
1.7475 -0.11445 -0.72812 -0.29599 0.38032 -0.63448 0.093143 -1.4923 0.3803 0.19422 -0.73766 -0.12452 -0.16167 0.32913 1.5171 -0.73923 0.14294 0.34607 -1.3489 -2.2272
0.86895 0.48148 0.43122 -0.0026953 0.14324 -0.51007 -1.4319 -0.96361 -0.97785 0.13682 0.82448 0.55561 1.0183 0.15503 0.24164 -0.33553 0.6248 0.55715 -0.81025 0.64069
-0.19975 -0.32866 -0.81672 -0.0047248 -0.6741 -0.96848 -1.6144 -0.22223 -1.7166 0.223 -0.20577 0.57185 -0.45687 2.2786 0.58188 0.35064 0.0081087 -0.054663 -0.38467 0.084041
-0.10358 5.3023 4.8187 3.5327 -2.0027 0.86811 -0.26162 0.67434 -1.1595 -0.23441 -0.97398 1.9303 -0.30938 -3.3487 -1.4002 -0.9116 2.0065 -0.022854 -0.34773 0.27281
0.32902 -1.2575 -0.024853 -1.3911 -0.055172 0.64491 -0.30995 0.79888 0.20734 0.29007 -0.02741 1.9026 0.0037085 -0.73211 0.75211 0.47484 -0.25252 -0.48152 -0.35459 -0.34379
-0.11749 -0.14048 0.69873 -0.36196 0.56741 0.6113 -0.24986 -0.42429 0.9841 -0.22749 -0.014974 0.092294 0.3471 -0.64687 -0.39148 0.85303 0.74251 0.53114 0.047725 0.74631
-0.14898 0.075929 1.7935 -0.70245 -0.14682 -1.5048 0.38437 0.65243 2.1846 -0.26034 5.6448 0.33788 -0.12559 3.2425 0.2822 -0.37234 1.6146 0.9402 0.94298 -0.77454
0.23279 0.57351 -0.49555 0.075383 -0.79774 0.23915 0.31191 1.4221 0.63325 0.6051 -0.69838 -0.54419 -0.26086 0.44533 -0.20883 0.11201 0.18104 -0.26239 -0.39922 -0.21732
-0.29773 0.30768 -1.17 -0.62962 0.17947 -2.6621 1.1223 -0.98502 1.1916 -1.7515 -0.41873 -0.046927 -1.038 1.1226 1.0623 0.43419 1.2701 1.3002 0.12111 -0.38356
-0.18095 -0.088229 -0.091055 -0.30868 0.20306 -0.57862 0.55063 -0.65142 -0.84343 -1.0115 -0.31419 0.38486 -0.32837 -0.796 1.0061 0.35771 -0.7588 0.27486 -0.066352 -0.63457
-0.34531 -0.77528 0.22071 0.60604 -0.22046 -0.44654 -0.82409 0.10636 -0.40756 0.30182 0.37424 -0.56835 -0.21793 0.036634 -0.91594 0.20874 -0.65115 0.5682 -1.0987 -0.49653
-1.0765 0.40631 0.013322 -0.18333 0.69572 -0.60501 -0.22713 -0.098664 -0.60573 -0.3586 -1.0684 0.52998 -0.043734 0.4027 -0.028917 0.4052 0.37904 0.43507 -0.3683 -0.34486
0.18272 -0.53783 -0.071703 0.15948 0.64259 -0.01915 0.12742 -1.1695 0.45793 -0.67126 0.28005 0.048142 0.81918 1.443 0.73457 -0.29738 0.61871 -0.43117 -0.018285 0.4296
0.11994 -0.53397 0.071494 -0.37688 1.671 -0.013987 0.64786 1.3389 -0.73087 -0.054906 0.43163 -0.30835 -0.09473 -0.61111 0.1596 0.51261 -0.020132 0.14532 0.40192 -0.82809
-1.8908 0.58933 -0.92027 -1.1441 1.2066 2.7581 0.21571 -0.89027 -0.87463 0.5008 1.5417 -2.4638 0.063937 -0.45582 -0.53815 -1.5469 0.57979 0.21919 -0.54657 -0.31087
0.27974 -0.61425 0.23176 0.099866 1.2395 0.13173 0.0089437 1.4787 -0.026635 -0.66594 0.33185 0.73028 -0.26553 0.029811 -0.11337 -0.49802 0.39976 0.030739 0.08099 0.69148
-0.4201 -0.093064 -0.51622 0.13397 -0.34627 0.034113 0.19308 -0.55542 0.34656 0.58181 -1.244 -0.88402 -0.3752 -0.20044 0.16384 0.51104 0.33837 0.35736 0.29496 -0.63839
0.047166 -0.86904 -1.753 0.66482 0.52896 -0.20805 0.42045 0.196 -0.35759 -0.69974 -0.57721 -0.089305 -0.22784 0.24518 -0.50618 0.49169 0.82571 -0.31725 0.076725 -0.65086
0.55382 -0.59328 0.86887 0.81928 -0.93734 -1.6275 -0.39371 -0.36901 -0.24053 0.57424 0.11029 -0.5545 -0.56416 -0.65382 0.064379 -0.26088 -1.3923 0.30223 -0.023896 -0.14475
0.31478 -0.028324 -0.44415 0.47511 0.38299 0.095001 1.0909 -0.043736 -0.58431 -2.015 0.25968 0.44056 -0.13648 0.18875 0.79441 -0.57774 0.37156 0.45426 0.84468 -0.49068
-2.4258 -1.7744 0.57765 -0.60476 1.7799 -0.48509 0.26434 0.11899 -0.027158 0.17444 -0.19679 0.38951 -1.2817 0.38584 0.40927 -0.0033565 3.4804 -0.33948 -0.16829 -0.83091
-0.59593 -0.33745 -0.3277 0.11304 0.76051 -0.86361 -0.40647 0.28039 0.52642 0.18042 -0.15444 0.85559 1.0551 -0.053371 -0.47413 -0.60563 0.12572 -0.64452 -0.68439 0.64383
0.067208 -0.31421 0.070176 0.47511 -0.2598 0.94796 -0.91175 0.096123 0.025584 0.2087 0.22219 -0.53415 -0.20363 -0.10835 -0.109 0.31487 -0.12125 -0.54754 -0.33894 0.45619
-0.20382 -0.57007 -0.72388 -0.029316 1.2458 -0.3103 0.237 0.11065 -0.47371 -0.28054 -0.75016 0.29819 0.31 0.05457 0.39363 0.92828 0.31541 0.35184 0.59818 0.60963
-0.095602 -0.30333 -0.16464 -0.68624 0.81993 -0.062999 0.96734 -0.045396 0.80121 0.086871 0.10822 0.62161 0.37391 0.88869 0.35323 0.96291 1.0088 0.59935 0.72904 0.39359
-2.4136 -1.4252 4.6114 -1.9235 -0.27544 0.047349 0.18425 -0.12052 -1.4304 0.57793 -2.6863 -0.90977 -0.56959 0.65626 -0.44724 0.085232 -0.067173 0.39064 -0.30716 -0.73849
3.0987 -0.44364 0.42749 0.79282 2.0122 0.10291 1.6393 0.69312 -0.63548 -0.59487 0.12299 1.0045 1.4036 -2.9991 3.0682 1.1645 0.043662 -2.8221 5.5597 0.37345
0.35436 -0.25184 0.37074 -0.13618 -0.45457 0.62377 -0.24254 0.13768 -0.47159 0.078215 0.14004 -0.31785 0.58081 -0.58022 -0.34056 0.67487 -0.63166 0.079192 -0.45688 -0.054743
-1.5723 1.2208 0.29404 4.9262 0.63832 0.16579 -3.9402 2.0239 -0.86226 -2.9928 -0.27355 0.0065812 0.2852 0.33271 -0.58441 0.15791 -1.1353 0.3529 2.8085 1.3014
-0.60014 0.36812 0.43825 0.30495 -0.41519 0.061828 1.1113 -0.088727 -0.24379 -0.20456 -0.36926 -0.39384 0.58555 0.68434 1.451 -0.64629 0.062029 -0.68069 -0.08798 0.93547
0.21337 -0.44754 -0.59822 0.35087 -0.95359 0.36755 0.61808 0.82998 -0.2788 -0.49663 0.16809 -0.028549 0.13686 0.20772 -0.16222 -0.28145 -0.72679 -0.051726 0.10646 1.0749
-0.60733 -0.92377 0.56547 -0.04127 0.064639 0.21488 -0.2624 0.30828 -0.44316 0.034663 0.5078 0.0022864 0.81262 0.1712 0.050438 -0.030539 -0.4759 -0.48626 0.16803 -0.060502
2.8832 -7.0353 -3.3345 0.010731 -2.8356 -5.9113 -4.4537 -5.4567 0.078011 2.4123 1.3855 3.647 3.2151 2.2161 -1.0563 -1.0181 1.8902 2.0023 -1.8739 0.13829
-0.071075 -0.3721 2.3622 1.0097 -2.351 2.0309 -1.3548 -0.32909 2.0439 -0.88424 -0.072113 -0.26804 -0.46304 0.63702 -1.2091 -0.18335 0.40252 0.90989 -2.3088 -0.53737
0.70418 0.15849 -7.1669 0.17185 1.7209 0.96878 0.19906 1.8025 0.59106 -0.34579 1.5865 -0.78358 0.074712 -1.5063 1.0933 1.458 -4.6288 0.33016 1.6989 -0.26393
-1.5981 0.61307 6.0906 1.2647 0.33126 -0.10722 0.6641 2.6059 -1.7628 3.189 -1.0882 -9.639 -2.5374 -4.4379 0.0082627 -0.3612 3.0447 -0.028473 1.5009 1.4064
-0.16525 0.6314 -0.68819 -0.0071825 -0.65605 -0.089283 -0.57914 -0.43818 -0.24655 -0.21044 -0.28438 -0.041857 0.34343 -0.048764 0.12791 0.037987 -0.23878 0.56807 -0.81437 -0.5312
0.20975 0.040014 0.78603 -0.46117 0.16957 0.59567 -2.0469 -0.1164 0.095793 0.34208 0.49879 0.36473 -1.078 -0.22208 -0.66812 0.015378 -4.8613 -0.070661 0.19247 -0.72756
0.22772 -0.15847 -0.37638 -0.42398 -0.61149 -0.17154 -0.29966 0.36757 0.56886 0.34181 0.063135 -0.55699 0.28095 0.51912 -0.060956 -0.39173 0.98695 0.46739 0.63554 -0.080622
0.28445 0.71437 0.41212 -0.39855 0.1831 0.19201 0.4211 0.27427 0.49234 0.10672 0.40747 -0.34432 0.2318 0.2346 0.046259 0.72171 0.043879 0.71721 -0.12168 0.51673
0.59223 3.7925 -6.1555 -0.74177 -0.36241 -0.55238 0.75362 1.3389 -1.7727 -0.35887 -0.34272 -1.5034 2.1028 -1.3035 -0.92555 -0.090983 0.82332 0.53078 0.13186 -0.94282
1.5801 0.25493 -2.0921 0.57805 0.48396 -0.61163 0.44827 -0.27766 1.2961 -0.50216 0.20269 -1.5895 1.3122 1.3691 0.22196 0.23084 1.7222 -0.17673 -0.61088 -0.19852
-0.65488 0.26422 1.6246 0.73208 0.32719 -0.11653 -0.55894 -0.56158 -0.61947 0.71132 -0.34596 -0.81291 0.82022 0.77173 -0.33995 -0.38183 0.050982 -0.18706 0.0093195 0.3131
-0.41472 0.29788 -0.22057 0.051568 -0.1641 0.30621 0.27477 -0.3482 0.43016 0.11846 -0.44643 -0.78196 1.1322 -0.31775 0.61862 -0.16901 0.65831 -1.112 -0.40598 -0.49864
-1.2738 -0.7042 1.0885 0.66864 -0.74419 1.3039 1.2025 -2.1963 1.1557 1.108 0.36593 1.8258 2.5469 9.7377 0.49758 0.78141 1.9942 -0.58598 -0.45507 -0.7665
-0.1887 -0.097034 0.98695 -0.3475 -0.59234 -0.038487 -0.74905 0.26315 -0.41153 -0.17679 0.31043 -0.67672 0.39772 -0.31745 0.22153 0.42706 -0.18581 -0.36775 -0.95596 -0.23981
0.54398 -0.17326 -0.24891 -0.34453 0.079439 -0.47279 -0.34659 -0.04648 0.79375 -0.45728 -0.32811 -0.27145 0.18511 -0.52325 0.10501 -0.0057649 0.47737 0.3254 -0.21292 -0.33338
0.2163 0.12168 -0.51996 -0.19921 -0.43418 -0.33597 -0.67136 0.39711 -0.10596 -0.13187 -0.67515 -0.11953 0.34598 -0.26377 0.49533 -0.27487 0.18165 0.11043 0.45717 0.52656
-0.47479 -0.3565 1.0042 -0.2338 0.73589 -0.58843 -0.0041865 1.326 0.19539 -0.0067842 -0.72631 0.77447 0.4374 0.11458 0.55279 -0.3522 0.10364 -0.13882 -0.060283 0.47082
0.70184 0.48585 0.20856 -0.35 -0.81254 -0.020793 -0.87786 -0.10879 -0.059132 -0.15885 1.397 -0.33588 0.23129 0.22379 -0.12934 0.99617 1.4084 -1.8026 0.16302 0.13552
0.50002 0.39586 0.23991 -0.13139 0.3539 0.5933 -0.2284 -0.46789 0.51453 0.12237 0.54953 0.019397 0.40745 0.0041787 -0.4007 -0.39777 0.0054907 -0.018281 0.51702 -0.037291
0.40785 -18.15 -77.646 1.2025 70.602 48.741 17.591 0.5403 -1.4407 -0.041117 -10.087 -10.154 -12.222 -4.3881 0.40518 -3.6848 -10.743 0.37031 -9.4568 3.7532
-1.0232 -0.14769 -0.71079 -1.3119 0.42123 0.55999 0.45692 0.4431 -0.36585 0.7118 0.042975 -0.26373 -0.3709 0.33653 1.6307 0.17011 -0.37211 0.15676 -0.35777 0.47766
-0.50196 1.7869 -1.5184 2.3279 -14.057 -0.2546 -1.273 -0.42521 -0.24443 -0.39191 0.15753 -0.19662 0.75749 0.84446 -1.2294 0.41345 0.35977 3.0077 0.70331 0.49948
-0.5681 0.39537 0.43075 -0.4307 0.39219 0.13935 0.31991 0.15934 0.1138 0.64486 -0.40002 -0.38673 0.34392 -0.37454 0.42323 -0.13169 0.54865 0.078955 0.01233 -0.25198
-0.55883 0.78493 -0.5285 0.081808 -0.92578 -0.24979 -0.69527 -0.57203 -0.26174 0.15156 -0.19056 0.0070625 -0.25618 -0.4252 -0.036532 0.79313 -0.41153 0.56847 0.3245 0.40467
-0.026923 1.5425 1.6549 1.2171 -1.1114 -0.39309 0.15111 0.28498 -0.66712 0.34553 0.50962 -0.45324 -0.3344 -1.8045 0.53439 0.943 0.95778 0.16989 1.0192 -0.024039
-0.39485 0.82408 -0.62305 0.031065 -0.03214 0.57482 -0.45721 0.41854 -0.30468 -0.29864 0.71361 0.36196 -0.79508 -0.56733 -0.59182 0.54481 -0.17256 0.20663 0.85302 0.47952
-0.17322 0.68755 -16.112 4.212 -13.574 -1.6775 -1.5636 -0.39454 -0.59033 -0.55915 -1.578 0.43031 -1.2457 1.1875 0.23849 7.1224 2.2962 -1.1327 0.37007 4.4735
-0.13498 0.40267 0.62 0.4909 0.039827 0.42504 0.29814 0.13086 0.71846 0.11653 -0.39812 0.40991 0.27374 -0.31431 -0.20788 -0.090465 -0.5503 0.57912 0.70008 0.80463
-0.45926 -0.081125 1.3575 -0.10955 -0.15266 -0.0079796 1.1083 -0.32827 0.43531 -0.15776 0.33847 -0.24975 -0.23258 1.4446 1.6858 0.94107 0.85932 1.2207 -0.19969 -0.5211
0.48354 1.4791 -0.32205 0.9934 -0.99855 -0.57588 1.2361 -1.6306 0.6597 0.43977 1.1082 -1.513 0.1566 -1.3821 0.7884 1.8318 -0.43765 2.4786 0.76908 -0.70533
-0.18135 -0.31348 -0.30207 -0.017216 -0.31863 -3.5685 -36.523 0.68064 -7.3036 -0.52992 -0.014296 4.7144 0.38435 -23.102 0.27806 0.50237 0.11274 -0.067988 -63.504 -0.54528
0.56162 0.39121 -0.29086 0.33321 -0.27083 3.5372 -0.26736 -0.32251 0.2678 0.60051 -0.49362 -0.35629 -0.94955 -0.35468 0.38344 -1.307 -0.064592 -0.23594 -0.28803 -2.0695
-0.3374 -0.39585 -0.085905 -0.38762 -0.22122 0.79202 0.48955 -0.66809 -0.65532 0.030323 -0.15451 0.11821 -0.46864 0.43295 0.468 0.18197 0.28598 -0.24807 -0.054781 0.22829
0.12167 -0.44573 -0.071949 -0.64097 -0.28343 -0.10158 0.12739 0.70117 0.26415 0.65431 0.66086 0.13564 0.3271 -0.071683 0.62671 0.29747 0.072805 0.26334 0.43641 0.40718
-0.47634 0.34087 0.29083 0.64794 0.24462 0.16093 0.074877 -0.082704 -0.2999 0.12431 -0.20816 -0.22698 -0.57985 -0.18794 0.16011 0.16691 -0.38612 -0.1269 0.6656 0.48354
2.2648 -0.40805 0.20581 0.59792 -0.046376 -0.99773 -0.59601 0.74825 0.38548 -0.15344 0.14184 0.54154 0.26955 -0.15155 -0.26055 0.0004754 -0.1901 -0.22485 -0.31371 -0.073044
-0.061218 0.15644 0.66467 0.093281 0.64592 0.44372 0.37567 0.022318 0.34633 -0.31378 -0.080025 0.60509 0.21927 0.47962 0.52404 0.71133 -0.42285 0.51057 0.58943 0.067596
0.54136 -0.00051008 0.28821 -0.18498 -0.095223 0.36601 0.60366 -0.29236 -0.033888 -0.17784 0.72345 -0.57599 -0.20088 -0.31972 -0.32013 0.096513 -0.62905 0.49674 -0.5964 -0.29225
0.2106 0.53 0.49985 -0.65816 -0.025064 0.11785 0.25509 -0.095316 -0.43655 0.20035 -0.33261 0.59931 0.41594 -0.17147 0.15433 0.36696 0.39023 -0.46229 -0.61129 -0.41127
-0.7514 0.31819 0.24157 0.52779 0.32954 0.45883 -0.3545 0.73539 -0.3131 0.73316 -0.17054 -0.38438 0.11335 0.17698 -0.10215 0.38545 -0.30217 0.19922 -0.18057 0.56208
-0.2536 -0.41019 -1.6956 -0.3725 -0.18903 -0.49326 -0.82336 -0.24906 -0.11424 0.95652 0.31627 0.5114 -0.5866 -0.17022 0.4339 0.18882 -0.087032 0.32983 0.58368 -0.42684
-0.56475 -0.14179 -0.3822 -0.23666 -0.51865 0.35068 0.24514 0.5746 -0.57309 0.62843 0.30748 -0.41723 -0.18794 -0.33914 0.32981 0.085482 -0.65562 -0.074506 0.034149 0.14333
0.6675 -0.54027 0.059514 1.4231 -1.226 -2.0355 -0.044108 0.71105 -1.2159 0.20201 -1.161 -0.96429 -2.444 0.070201 -0.04854 -0.51082 -0.78958 -0.12219 0.094906 1.764
0.33595 0.0024222 -0.088115 0.11731 0.041638 0.35766 0.41689 -1.7148 -0.16678 0.43451 -0.037212 0.27523 -0.52539 0.37682 0.067763 0.63115 0.93001 -0.23742 0.13097 0.64401
-0.46233 0.41672 1.1258 -0.34645 -0.12432 -0.0081369 -0.35916 0.40426 -0.077796 -0.52048 0.26885 0.48596 0.48081 0.26477 -0.42206 -0.42393 -0.15877 0.22928 -0.29485 -0.23931
-0.64343 0.56104 -0.1058 -0.060953 0.5857 0.0029053 -0.58938 0.094386 -0.15342 0.47993 0.38194 0.63602 -0.22763 -0.27339 -0.088986 0.39146 -0.49895 -0.52397 -0.11904 0.40023
-0.17592 0.19173 0.34757 -0.30728 -0.57603 1.0548 -0.12608 0.32763 -0.74289 -0.24938 0.51687 0.034227 0.0010593 -0.24064 -0.95578 -0.17407 -0.088102 0.62542 -0.77565 -0.017792
0.52463 -0.41103 -1.1977 0.58583 0.4845 0.23163 0.52281 0.4757 -0.063023 0.048579 -1.0933 -0.43668 0.43014 -0.23554 0.48143 -0.43451 -0.0035944 -0.35769 0.61138 0.10899
0.059917 -0.25386 0.30373 -0.30164 -0.71275 -0.48929 0.1194 -0.95658 -0.64854 -0.62336 0.46647 -0.35537 0.54283 -0.19589 0.1071 -0.21728 -0.048994 0.48756 -0.42012 0.55853
0.48622 -0.60098 -1.5889 0.083369 0.19113 -0.53063 0.59868 -0.11737 -0.36507 -0.015194 -0.71268 -0.20277 -0.17177 0.17881 -1.3 -0.67392 0.3164 -0.3005 -0.19594 0.168
-0.31331 1.3906 -2.3497 0.80907 -0.13682 -0.078312 -0.23848 1.1494 0.39563 0.65011 -0.74687 -0.55644 -0.31694 -0.21195 -1.2497 -0.63179 -0.60712 -0.33295 0.35816 -0.42544
0.022716 0.72175 3.317 0.036597 -0.29005 -0.23774 0.48085 0.27927 -1.3119 -0.99997 0.33532 0.64047 0.64063 0.50715 -0.26393 0.50604 -0.35362 -0.61341 -0.27042 0.32724
0.031171 0.54445 0.64512 0.19158 -0.41114 0.70774 -0.45678 -0.065343 0.26843 0.0080893 0.45342 1.1994 -0.052255 0.99324 0.5535 0.33817 2.3818 0.46752 0.54174 0.24097
0.24603 0.52114 0.62416 -0.065159 0.66885 -0.40285 -0.050261 0.41143 -0.37179 -0.49078 0.35836 -0.65153 -0.28276 -0.16189 0.12069 -0.33289 0.031251 -0.45439 -0.10342 -0.18353
-0.73741 7257.3 0.36477 -0.46156 0.46674 510.77 -904.21 -0.88379 -0.30041 -0.2228 -0.88171 6.0156 0.16549 -0.071605 -0.45858 -38.434 -0.48197 -7.2512 -0.32583 -0.12713
-0.65122 -0.2746 -0.038143 -0.12141 -0.13094 0.57963 -0.091182 0.536 -0.51547 -0.39769 0.62742 0.34386 -0.17449 0.43295 -0.64795 0.1763 -0.40714 -0.15739 -0.16418 -0.20924
0.62618 79.157 -2.2406 0.15237 0.42846 5.295 69.945 -0.14783 -6.6272 0.26738 0.099878 0.050155 11.26 -0.3446 -0.63593 -0.36945 -0.56854 -0.27189 0.31877 -0.39431
0.13227 16.445 -0.3979 -0.50475 0.4186 0.21016 0.065674 -32.568 -0.28375 0.059068 0.73585 0.71173 0.099663 0.31014 0.071164 -0.40205 3.5927 0.35951 0.3782 0.19628
0.068805 -437.68 -2.7841 -5.1588 0.72737 -74.276 470.51 0.29215 21.478 0.044175 -0.14809 3.8415 41.577 -0.13552 -16.381 -0.6125 -0.39569 0.019713 -0.090238 -0.26572
-0.60407 0.36927 4046.2 0.36646 0.53819 -0.72539 0.74837 47382 0.014654 0.39619 -0.4132 1303.1 -0.28181 675.56 0.22808 -0.29895 2067.6 -0.64544 -0.34809 0.46421
0.37159 -3.0846 0.16608 0.43134 0.28773 0.51471 -4.1756 0.41482 -0.34102 0.25432 0.15168 -0.53808 -0.32285 0.11519 -0.004699 -0.67954 -0.4962 -0.44875 -0.67118 0.1512
0.080593 -1.8716 -0.37345 -0.32661 -0.3324 155.4 -0.065585 -12568 375.66 0.35115 -0.13556 0.55501 10.639 -0.13067 -0.11795 0.85162 -0.16816 0.82151 -99.049 0.14442
0.036345 -4.2073 0.090581 2.6983 -0.22745 -0.6391 2.4381 39.52 5.6623 -0.17593 4.2837 0.08147 -0.57336 -0.61944 0.092065 -1.8017 0.69576 -0.36671 -0.053172 0.29339
0.41276 1.3961 0.47278 0.19895 0.58082 1.5614 -0.48772 -0.018483 -2.6497 -0.27533 -0.42155 -0.56045 0.17345 0.55694 0.033956 -0.89493 -0.2797 0.2267 -0.18087 -0.57814
0.48403 -5.0126 0.084393 0.050187 -0.63788 0.16292 0.043087 34.613 7.7864 -0.092461 0.031033 -0.40115 0.3695 -0.53428 0.72594 -0.49233 -0.21167 0.21893 3.7644 -0.15074
-0.3289 75553 -0.10724 -0.52127 -0.24581 -22.61 19.129 -0.23768 0.024168 0.055823 -0.052329 0.080699 -0.54636 0.0070146 0.61767 0.17317 0.58507 0.43738 0.59563 -0.10669
0.1471 -19.365 -0.076456 548.98 -0.19537 0.38815 -388.91 64.548 0.084975 -71.108 0.30008 461.94 -0.012744 269.52 -816.82 -6.6724 -34.69 -0.39809 -521.84 0.28542
-0.1897 -121.09 1.9979 0.32488 0.0037183 -43.648 -80.907 13.061 28.445 0.64792 0.10528 -4.1379 -12.446 -0.03079 0.063307 1.0986 -0.46234 0.80335 1.4503 -0.54663
1.3173 -163.9 -0.71733 -0.70305 -5.0904 28.471 0.39188 -44852 0.5195 -0.76564 -0.51763 315 0.71099 183.87 -2195.6 0.64381 -0.48033 -1.8782 -0.19264 0.67245
-0.66795 233.4 0.24802 0.62675 0.35303 0.046659 -31.992 0.26923 0.32195 1.0995 0.23543 0.0025845 -0.32152 -0.50244 0.10502 0.52595 -0.11581 -0.44721 0.83531 0.10122
-1.3298 1.1012 -0.015924 -24.056 7.8216 -0.60558 -3.8773 -992.96 -0.3524 39.131 -0.020485 -444.19 -0.038638 76.136 156.02 0.39635 92.345 262.39 855.66 -96.416
-52.428 727.49 1.7767 0.5098 303.45 -302.63 15.214 45641 0.68057 52.817 -126.68 -3338.9 -52.279 -0.69815 2.06 154.42 0.26415 124.8 1687.9 -203.32
-0.21302 0.99154 0.34006 -2.3212 0.68338 -0.27554 0.22512 -59.422 -7.5641 0.20406 -3.054 -0.69645 -0.176 -8.2131 0.26504 0.38922 -0.11862 -0.24886 -0.94857 -0.29019
-0.1074 15.312 1011.8 12.446 0.33787 -3.769 -0.38756 50.927 0.60233 -0.25064 0.60959 -10.662 -16.843 0.15024 -27.324 3.0848 -0.14544 -1.4933 -0.29239 -20.846
1.5666 -1.4539 -1.3787 -1.5888 0.93427 -0.7984 0.47613 0.70132 0.1507 0.64827 0.077195 0.36431 0.46368 0.71436 -0.56955 0.9034 0.79485 -1.1739 1.5778 1.7296
1.4953 0.53786 -1.3524 -0.90369 0.72018 1.027 0.57564 0.5373 -0.38694 0.23921 0.4087 -0.34202 -0.22632 0.49201 0.96115 0.76506 -0.84537 1.339 -1.3498 -1.2348
-1.6924 -1.3475 -1.1355 -1.0024 0.78795 -0.81817 0.50146 0.69654 0.19751 0.041919 1.5086 0.40109 0.70875 0.56131 0.8226 -2.2912 1.2292 -0.96716 -1.4222 -2.026
1.6409 -1.295 -1.1934 1.1706 -0.95899 -1.146 -0.77255 0.66953 -4.5654 0.025424 -0.14353 -0.19985 -0.82516 -0.33633 -0.92138 -0.74068 0.95581 -0.69361 1.5233 -1.5858
-1.7036 1.5157 24.342 1.0879 1.079 -0.83061 0.52568 0.48785 0.15324 0.264 0.16553 -0.27824 -0.52434 -0.68304 0.90569 0.88105 1.5052 -1.0801 1.3371 1.4057
-1.5866 1.3577 1.2565 -1.175 -1.0293 -0.6877 6.8183 -0.46952 -0.3224 -0.020775 0.049187 0.36425 -0.36726 0.49997 -0.63787 0.0067221 -1.0221 -1.228 10.65 -1.2599
-0.095023
