0.34847 -0.23731 0.025874 -0.025242 0.13362 0.26035 -0.060129 -0.69339 0.55004 0.15728 0.79826 -0.50965 0.37087 0.33691 -0.2901 -0.17162 0.42264 0.44429 0.2912 -0.25629 -0.01875 0.59898 0.036355 0.62038 1.0099 -0.52614 -0.65178 1.6764 0.1507 -0.0019506
-0.97923 0.17838 0.20355 0.23427 1.0479 0.93671 0.19383 -0.94178 1.4316 0.50866 0.56115 -0.24499 -0.21848 0.48486 0.87111 0.43068 0.53888 -0.47201 0.56997 -1.0022 -1.5719 1.1256 0.14686 -0.82938 0.03842 0.047774 0.26229 1.141 0.34956 -0.60433
0.82669 0.054371 1.1102 -0.26158 -0.46398 0.23556 -0.36219 -0.74896 -0.96503 1.2763 -0.30415 -1.3847 -0.25093 1.5555 -0.36595 -1.1351 0.42779 -0.020349 0.07152 -0.67497 0.68412 0.099176 -0.35065 1.0885 -0.44975 -0.69029 0.033151 1.6051 -0.50252 -0.5617
0.012479 -0.1636 -0.20402 -0.24371 -0.97216 -0.15552 -0.62163 -1.8102 -1.1458 -0.18692 0.099301 0.21149 0.040844 -0.2517 -0.23568 -0.12469 -0.24532 0.26071 0.12484 -0.10493 0.28909 -0.34846 0.41192 -0.60182 -0.11777 -0.76477 0.058732 0.41488 0.82914 0.59646
-1.3046 -0.15025 0.39584 1.3891 1.6516 1.6025 1.4737 -0.1766 0.86495 0.29803 0.013576 0.44784 0.53652 -0.35115 -0.35508 1.3882 0.78024 0.35365 0.35633 -0.41829 0.25403 -0.016703 0.36111 0.29384 -0.2942 -0.14619 -0.047529 0.61612 1.462 -0.014133
0.4169 0.55424 -0.14713 -0.13198 -0.27112 0.024572 0.18478 -0.14642 -0.041376 0.27172 0.22706 -0.20079 0.12218 0.23439 0.51118 0.46797 0.29159 0.37063 -0.56485 -0.5288 -0.21039 -0.09558 0.26307 0.24955 0.30289 0.1518 -0.23319 -0.018652 0.31768 -0.57682
0.73581 -0.41342 -0.085401 0.2792 -0.59753 -0.7763 -0.66489 -0.16362 0.34886 -1.2673 0.1208 -0.16963 -0.0013328 -0.064281 0.74524 0.14304 1.1869 -1.369 0.70594 -0.33683 -0.52097 0.89016 -0.44749 0.66773 -1.5177 1.3688 -0.61147 0.22784 -0.10929 -0.11895
-0.12927 -0.30105 -1.5147 -1.0275 0.32353 0.082491 0.90448 0.85895 0.015209 -1.3664 -0.84899 -0.89506 -0.64246 1.1841 0.23935 -0.56147 0.43663 1.15 0.71528 0.66292 -0.048206 -0.61591 0.7077 0.12798 -0.42348 0.98074 1.7365 0.6761 -0.033572 -0.62243
-2.5925 -0.33246 -0.24839 -0.44619 0.56627 -1.0251 0.17356 -0.58562 0.16641 1.5585 0.36789 0.34892 0.11441 0.27949 0.14014 0.91449 -0.034852 1.2214 -1.3183 -1.1799 -0.32692 -0.12184 0.678 0.23821 0.51673 -1.241 -1.4764 0.066261 -0.65682 0.71639
0.47991 0.70648 0.039201 0.13803 -0.72125 -0.27302 -0.80251 -0.044245 -0.34194 -0.027137 0.23481 -0.10595 -0.3392 -0.98448 -0.44089 0.50082 -0.42381 -0.25377 -0.31236 0.55414 0.41599 0.35154 -0.22286 0.47084 -0.010066 -0.72116 0.22932 -0.15245 0.61135 -0.38951
0.049712 0.51533 0.17189 0.68641 0.43779 0.53856 1.2367 0.040341 0.29145 -0.7907 -0.51766 -0.2966 1.5545 1.1165 -0.035717 0.40431 0.4129 0.32912 0.020211 0.92157 -0.63721 -0.55152 -0.27074 0.82453 0.37631 -1.4957 -0.17878 0.50416 0.81227 0.65978
0.549 0.63948 0.46923 1.163 1.0817 0.63643 0.32966 -0.068649 0.28547 0.07717 -0.41628 0.43356 0.38149 -0.49195 -0.24899 -0.83437 -0.97044 -0.63721 -0.27515 0.13664 0.45941 -0.052783 -0.52309 -0.75454 -0.11846 -0.17688 0.11234 -0.083903 0.046098 0.12972
-0.6562 -0.64807 0.12405 0.8339 -0.7617 0.96077 0.34557 0.30286 -0.01388 -0.68795 -1.1874 -1.184 1.881 1.6721 0.070748 0.045874 0.63792 -1.7758 -1.7999 -0.58731 -0.01979 1.146 0.68506 0.3869 1.3756 -0.29121 -0.073948 -1.5729 -0.779 -1.1245
-0.65146 0.6333 -0.57059 -0.43462 -0.57926 -0.60127 -0.090867 -0.054381 0.34814 0.64006 0.37071 0.21963 -0.089881 0.69815 -0.61786 0.30339 -0.43604 1.1429 0.74964 0.77145 -0.021133 0.0044817 -0.23094 -0.41789 -0.31411 -0.70902 0.082313 -0.064942 0.65735 0.75665
0.48408 0.35918 0.41382 -1.1381 0.95218 0.31853 2.1504 0.76459 0.18664 0.16407 0.12295 -0.88383 1.6633 -0.039966 -0.75464 -0.3075 -1.0517 -0.79721 -0.19978 -0.01916 -0.44947 -0.8596 -0.30278 -0.4793 0.19971 0.42555 -0.5113 0.81644 0.87255 0.82955
2.3353 -0.012182 -0.20262 1.5618 -0.55532 -1.0916 -0.15836 -0.65023 -0.87175 -0.59861 -0.53881 -1.0829 -0.19048 0.12644 -0.56835 -1.1963 0.18586 -1.14 0.0011811 -1.9161 0.33784 0.56692 1.418 0.4643 -1.4342 0.058454 -1.9278 0.62636 -0.79178 0.44907
0.98729 -0.54893 0.4715 0.27621 -0.13441 -0.10042 0.5954 0.014805 -1.2898 0.14842 1.5672 0.48475 0.33487 -0.17105 -0.37269 0.7433 -0.32231 -0.42063 0.59259 -0.34405 0.48347 -0.45783 -0.38418 -1.027 -1.1662 0.12407 0.25057 0.29861 0.82691 1.5077
0.49681 -0.085074 -0.93624 1.2709 -0.29709 1.1739 -0.56579 -1.39 -0.81217 -1.7985 1.0398 -0.91468 -0.16016 -1.2471 -0.94889 0.74994 0.7842 0.91305 -0.96916 1.2872 0.80709 1.249 0.44275 -1.748 0.67719 0.27554 0.8218 0.13358 0.77535 0.98009
1.4202 1.6592 -0.27636 0.29308 -0.70655 -0.60302 -1.6214 0.043125 0.3332 0.47842 0.30152 -0.48265 -0.16419 -0.76725 -0.9057 0.10592 -0.16605 0.72016 2.9767 0.41573 0.51415 1.0437 -0.32921 -0.44625 0.12074 1.549 0.74339 -0.68883 -1.5055 0.38345
-0.096456 0.15564 -0.57932 0.79258 0.75654 0.80236 -0.0031108 1.3324 -0.18381 0.77851 1.1365 -1.0508 -2.903 -0.050424 -0.44801 0.466 0.22074 0.54892 2.0599 0.41195 -0.8033 0.19964 -1.6162 0.37142 -0.08471 0.38592 -0.33664 -0.20355 1.5427 2.0343
0.043901 0.40772 -0.53508 -0.94681 0.029785 -0.21132 -1.7489 -0.021478 -0.23809 1.7139 0.99278 -0.096729 -0.0096908 -0.88738 0.61581 2.3123 0.31764 -0.13941 1.3773 1.8809 0.35759 -0.40573 -0.49488 0.10486 1.6515 0.51763 -0.42865 -0.35079 -0.056497 0.27008
0.041612 -0.5729 0.96996 0.091026 -0.65706 0.074117 0.55247 -0.63664 -0.15904 0.34821 -0.88748 1.6445 -0.75882 0.84705 1.9451 2.4203 -0.55014 -1.0975 -0.052982 -0.11893 0.053732 1.6376 -2.4821 0.38362 0.044152 0.22138 -0.39908 1.4937 0.71931 -0.32436
0.48988 -0.66243 -0.30219 0.63005 0.034412 0.64618 -0.14389 0.82387 -1.0608 -0.88786 -1.3225 0.080622 -0.62962 -0.94609 0.023329 -1.4231 0.58062 1.003 0.094442 0.054574 0.14503 -0.35241 -0.3785 -0.42129 -0.98215 0.76936 -0.062502 -1.04 -0.50065 -1.6499
0.01808 0.41364 -0.52284 0.4915 0.18096 -0.016681 -0.55897 -0.2101 -0.12029 -0.35652 0.12089 -0.74481 -0.95496 -0.082376 0.14069 0.33283 0.36168 1.0016 -0.0341 0.55371 0.4994 -0.42437 0.15487 0.43359 0.29292 0.016268 0.15747 -0.061556 0.76997 0.019598
0.66249 -1.373 -0.2597 0.046281 0.63035 0.49345 -0.65664 -0.23985 -0.88842 -0.2007 -0.26447 0.82969 1.7222 0.54434 -0.36503 -1.0495 -1.0854 -1.0494 -0.1268 0.17505 -0.24896 0.40938 -0.41772 1.0576 -0.58821 -0.41357 0.76062 0.55195 0.3494 0.3012
0.80187 1.0441 0.53713 -0.54248 0.14426 -0.0053518 -0.30797 -0.10717 -0.7598 -0.029293 0.69363 -0.40697 0.011056 -0.17166 -0.03629 0.56251 -0.43481 -0.7117 0.30611 -0.18398 -0.018683 -0.13657 -0.807 -0.78329 0.3607 -0.19504 0.18378 -0.1844 -0.58804 0.018658
-0.17069 -0.14591 0.80609 -0.49307 0.24163 -0.11933 0.51871 0.66327 0.46859 1.196 -0.62218 0.049547 -0.54283 -0.5874 1.1239 1.0433 -0.95513 -1.0733 -0.37318 -0.49825 0.02355 1.0423 -0.65026 -0.21161 -0.29567 0.39796 -0.69168 0.13662 0.19707 -0.43465
0.70248 -0.029885 0.46014 0.3152 -1.7186 -0.082713 -0.056199 -0.10938 -0.33913 -0.83637 -0.079138 0.47725 1.3091 0.16924 1.9652 -0.24373 0.32972 0.2476 0.18386 -0.89209 0.2317 1.1582 -0.53629 0.99026 -1.1818 -0.22285 -0.3417 -1.3526 0.38894 -0.079003
0.35867 0.60252 -1.0779 -0.33613 -0.72787 0.13015 -0.8692 -0.68075 -0.44233 -0.35972 -2.4811 -1.7396 -0.72193 -0.75792 0.23137 0.43023 -0.79831 1.3758 -0.13767 -0.46271 1.4963 -1.4179 -2.2606 -1.2096 0.081828 -1.0127 0.65146 0.25029 -0.59153 0.15911
-0.89168 -0.087109 -0.19029 0.12581 0.67935 -0.14146 -0.15079 0.24006 0.37287 -0.50357 0.70813 -0.36442 0.34695 0.20546 0.011996 0.1106 -0.27581 -0.8688 0.63833 0.28785 -0.20391 1.1247 0.93214 1.6346 0.7191 -0.28527 -0.60715 -0.37404 0.81026 1.2134
-0.83004 -0.69329 1.136 0.012372 0.10124 -0.51799 -0.35186 -0.38443 -0.1826 -0.34766 2.1044 0.6372 -0.65747 -2.0007 1.1939 -0.24581 0.88869 -1.1597 1.4656 -1.4227 -0.90259 1.7098 0.62066 0.061703 -1.9095 0.60143 0.17509 -0.4481 -1.468 0.053629
0.037107 -0.021549 -0.088742 -0.73162 -1.1599 0.49126 -1.1514 -1.2412 -0.064147 0.35772 1.6213 -0.66427 0.62949 -1.156 -1.1873 -0.58922 0.77096 0.10578 -0.74097 -0.043416 -1.0736 -0.71804 -1.417 -0.88407 0.047028 -1.2779 -0.70482 -0.18286 0.8786 0.19889
-0.38535 -1.311 -0.35423 0.54319 2.0065 0.070594 -2.2966 0.71021 -0.047524 -0.39082 -0.051597 -1.2693 0.39589 0.43315 -0.14524 -1.0331 -0.62184 0.79087 0.51289 -0.39706 -1.243 0.91735 0.98765 0.85028 0.055184 -0.64112 -0.67756 -0.50844 -0.088511 -0.22671
-0.14107 -1.01 -0.12014 -0.15287 0.5885 1.4962 0.2249 1.3982 1.3322 0.33815 -0.12 -0.70315 -0.079149 -1.6319 -0.8668 0.39874 0.50006 -1.3723 -0.70326 -1.2724 -0.43307 -0.10702 -0.39856 -0.51697 0.10493 1.8073 -0.66545 0.77087 1.2051 -0.72344
-0.58758 0.30998 -0.31154 0.061156 -0.56786 -0.15025 -1.0632 -0.47754 0.26687 -0.26772 -0.65873 -0.48191 0.24325 0.051978 0.69191 0.95455 0.34252 0.21638 -0.17706 0.60216 1.1462 0.61283 0.41614 -0.34455 -0.6355 0.17505 -1.4964 -0.68241 0.020442 1.0275
-0.13108 1.8758 -0.26369 0.56136 -0.25181 0.64891 0.76184 1.1208 -0.25886 0.96678 -0.53713 -0.27722 -0.5058 0.077929 0.85516 0.43681 1.9591 0.75784 -0.92385 0.082759 0.95404 0.034882 1.0261 -1.4638 -1.1927 0.30227 2.1094 1.3762 0.79816 0.21305
-0.66386 -0.19993 -0.33216 -1.3364 0.39412 0.72112 0.15854 0.37403 0.55996 1.6627 0.18931 -0.91514 -1.4449 -1.0283 -0.5759 -0.37775 1.469 0.60926 -0.10374 0.24445 0.057832 0.37922 0.29174 0.89738 0.63383 1.2671 -0.91184 -0.56656 -0.38707 -0.34371
-1.9362 0.28297 -1.0029 1.2216 0.10067 -0.0075569 -1.1752 0.50392 1.0601 0.146 0.50458 0.23236 -1.2812 -0.30574 -0.94489 -0.096184 -1.1067 -0.74048 -0.23699 -0.64366 -0.55247 -1.0057 -0.084235 -0.71749 -0.27109 -0.65582 -0.45049 -0.40115 -1.6997 -0.20729
0.58604 -0.089262 0.44216 0.22187 0.97344 -0.54055 -0.49418 -0.59204 -0.23715 0.56626 -0.33332 -0.33052 -0.66269 -0.77374 -1.1937 -1.2505 0.87393 0.85884 0.4557 0.37025 -0.28746 -0.52291 -0.56336 0.44014 0.58302 0.24238 -0.75244 -0.69103 0.1942 0.049777
0.65829 0.576 -0.32846 0.32404 -1.5073 0.02697 0.55623 0.62593 1.2109 1.6785 -0.50017 0.13736 -0.96428 -0.40015 -0.14642 -0.50777 -0.9744 -1.1349 -0.52998 0.83579 0.21096 1.4611 -0.040484 -0.40172 -0.31417 3.0276 2.8511 1.7538 0.18784 -0.096702
0.51679 -0.059773 1.1027 -0.18615 -0.11752 0.42314 0.43663 1.2268 -0.93572 0.23343 1.4461 -1.0144 -1.9157 -1.539 0.35657 0.83733 0.64339 -0.43291 -0.76098 1.0801 0.81726 0.24702 1.0542 0.22593 -0.18067 0.74245 0.47375 -0.56641 1.1925 0.92313
0.5488 -0.44976 -0.64056 -0.19624 0.35177 0.028191 0.60449 0.3249 0.58794 0.1363 0.14103 0.21605 -0.3072 -0.059988 0.22757 -0.83948 -0.11773 0.6216 0.75891 0.26433 0.33951 -0.59795 -0.78346 0.012118 0.58485 0.49673 -0.72564 0.2226 -0.068777 -0.35167
-0.40151 -1.3273 -1.5625 1.2114 -0.25165 -0.52166 -0.59871 -0.09354 -1.18 -0.66112 0.015236 -0.043889 -1.0034 0.25319 -0.5982 0.33945 1.1354 0.27273 1.9739 0.010276 -0.97076 -0.0081976 -0.41458 -0.34024 -1.8573 1.1104 0.2907 0.31403 -1.1615 0.023805
0.44347 -0.0021534 0.61749 -0.015881 0.25454 -0.92111 -0.4413 -1.1921 -0.30736 0.4214 0.56523 -0.56006 -0.51074 0.63208 0.77143 0.41274 1.4469 -0.16813 0.11045 0.25419 1.1076 0.27481 0.8467 0.75214 0.19719 1.1512 -1.3466 0.5414 -0.50316 -1.3261
0.86558 1.0388 -0.30119 -0.64946 0.20069 0.37827 1.0322 0.66023 -1.0292 0.64966 -0.5742 0.71437 -0.096856 -0.20762 -0.62323 0.67155 -0.036012 1.0649 -0.92279 0.31537 -1.0272 -0.085593 -0.30124 1.2297 1.1595 0.29417 0.95459 -1.3753 -0.021748 1.2127
-0.0097371 -0.063972 -0.74508 -0.39004 0.31406 -0.30333 0.13959 -0.57155 1.0326 -0.82276 -0.40077 -0.27991 0.065921 0.69443 0.71379 0.23052 0.099187 -0.14558 -0.37466 -0.050638 0.41688 -0.34513 -0.56281 0.70249 0.66722 0.052145 -0.021631 0.98425 0.38836 0.50969
-0.43824 -1.0304 -0.74979 -0.41447 0.011249 0.64691 0.41517 -1.4965 -0.20679 0.36366 -0.090968 0.90355 -0.78223 -0.18007 -0.36162 -1.5554 -0.47897 -0.22317 -0.72193 0.055995 0.53783 0.39255 0.64194 -1.2973 0.17792 -0.60874 0.1035 0.52191 0.45626 -1.8816
-0.6865 -0.91107 -0.035904 -0.63955 0.055273 1.1222 0.014749 0.24762 -0.25414 -0.21736 -0.92355 -0.19863 -0.30067 -0.56372 -0.25869 1.1703 0.02067 -0.079537 -0.87301 -0.50889 -0.0091006 -0.76911 0.093026 -0.12436 -0.084951 -0.013573 -0.83268 0.82285 0.56761 0.50353
0.32477 0.22288 -0.15559 -0.35003 0.10717 -0.052786 0.57746 -0.23201 -1.0378 0.51005 -0.11878 0.59334 -0.29845 0.72262 -0.22557 -0.52042 -0.76733 0.20091 -0.46137 0.149 0.37862 -0.57309 0.090059 -0.6663 0.38646 -0.46237 0.36065 -0.5583 0.8187 0.15331
-0.14675 -0.1028 -1.0217 1.6558 -0.8982 -0.04446 1.1921 0.66663 0.54513 -1.7637 -1.1371 -0.21382 0.48228 -2.2651 -0.78644 -0.69319 0.23457 -0.27715 1.3485 1.3364 -0.4557 -1.1057 0.12348 0.14311 -0.47508 -1.0236 -0.71784 0.45356 -0.024834 1.1699
