3.1653
1.7621
-4.5726
1.7784
2.1763
1.6733
-2.5565
1.6139
-1.4839
1.697
1.6312
-2.161
-2.167
2.8844
3.6638
-1.4116
-1.341
-1.3144
-1.3304
1.844
1.1647
-5.5885
-1.3835
3.3167
2.8535
1.3433
0.9778
-1.2074
-2.0551
-1.1902
1.1506
2.2523
-0.42971
0.92044
-0.074143
-1.3376
0.6066
-6.1036
0.84187
-0.26913
-2.6256
-0.35268
0.17677
0.35584
-0.98439
-0.1329
2.4895
-0.03348
-0.48376
-0.1899
-1.0652
-0.084842
-0.38271
-0.022298
-0.05817
-0.16607
0.88042
0.44429
0.32933
-0.89435
0.37103
0.073336
-1.4157
-2.4599
0.61088
1.6439
1.2392
1.3323
1.6613
-0.24129
-0.82325
0.89339
2.3193
1.5159
0.9927
-1.4159
-1.3752
1.1258
1.7964
-1.9079
3.8772
1.62
1.9812
1.2781
-2.3712
1.4679
-1.3942
3.5704
-2.5444
-1.6902
0.0023349
-2.2027
1.8955
-3.898
-4.7388
-2.3101
-1.5705
-3.3938
3.8948
-1.8046
