0.004975648559708336 0.005049518807946242 0.005019922383581141 0.005017251015957719 0.013345217469301212 -0.010991315389642526 0.01953126742629959 0.0014542780397671855 0.0048956077813166205 -0.004765983368988267 0.00483057521678775 0.002807628732109682 -0.0006706709618651294 0.0 0.004758288816064315 0.004845223556797045 0.016468855962311107 0.0 
0.0050282137164549025 0.00497856677389345 0.005002527071496531 0.005017063796228043 0.014537975381337338 0.009031623498465952 0.02059247394088035 0.001430284506557308 0.004873235754059186 -0.0047459129227263655 0.0048003595213457605 0.003475152522608755 -0.0005347015201005378 0.0 0.0047284197910722305 0.004825288149642857 0.016468855962311107 0.0 
0.005035352012975936 0.005024502008080971 0.005035208819920732 0.005019346093885037 0.02369863353133573 0.001192855933759654 0.020734535220690152 0.0013266624350071498 0.004832101516903428 -0.004714873469320151 0.004780349283100637 0.002661030334965751 -0.000484795615593051 0.0 0.004696119170674265 0.004797335701717166 0.0 0.0 
0.0049815691987264 0.00503720311651545 0.00502808990787539 0.005028861610939326 0.015215588680201717 -0.009116827493734499 0.020241476087274803 0.001170584501476897 0.004778897229214682 -0.004676898601105827 0.004764466598415794 0.0016562446187803487 -0.0002934467185040225 0.0 0.004678210130210341 0.004760548147635126 0.0 0.0 
0.0047821145467785665 0.0049822297064857435 0.004937294651179238 0.004784554722421815 0.025017205608511877 -0.03408159810741868 0.018079987992638557 0.0010130969478705637 0.004725863855327427 -0.004639234009225057 0.004752684951957865 0.0002606137771280803 -0.00042217175477559174 0.0 0.00461250755612625 0.0047611856744522825 0.016468855962311107 0.0 
0.004723793458309024 0.004784693194695294 0.004774660716997693 0.004761609904440502 0.014922352515780874 -0.010394887422762698 0.01732559318181 0.0010062587909057486 0.004709529800126169 -0.004623528116721817 0.004754608786700807 -0.0010587214370171268 -0.0007700320078716482 0.0 0.004566353647906994 0.004765024939930824 0.016468855962311107 0.0 
0.004679619550006836 0.004726736480530178 0.004731122918985521 0.004690356452719491 0.021182350228535263 -0.008009175555243392 0.016737457579207256 0.0010444385006259662 0.004703721677665105 -0.004613942055521345 0.00476446070611949 -0.0016111219242283177 -0.0011562715114018494 0.0 0.004523754323811603 0.004769792286483898 0.016468855962311107 0.0 
0.004586468751029638 0.004680724751364827 0.0046341058962792005 0.00462635405084622 0.0236718856379595 -0.016955595058440798 0.015418582222644488 0.0011244569338809075 0.004707523036353472 -0.004609870048020034 0.004773776426574596 -0.0014566673436579173 -0.001619559292020061 0.0 0.004428269346454719 0.0048048590823426395 0.016468855962311107 1.0 
0.0046795577847711795 0.004590954952765607 0.004635419574402134 0.004623519009225423 0.020343258906695895 0.017296411039514983 0.016928696277094278 0.0013068677701090008 0.004735608888802182 -0.004620061886824112 0.004789376281036894 -0.0014616026383745457 -0.0021285995179964267 0.0 0.004380042704238084 0.004816151205568649 0.016468855962311107 1.0 
0.004752320173577877 0.004683943424662793 0.004725413807852595 0.004704534632565215 0.016903677951056833 0.01320661926662474 0.01822419633536645 0.0014241961475053018 0.004747398994315484 -0.004620324882954458 0.004778089587468421 -0.0008109494981823143 -0.002448834438145758 0.0 0.004353462210946319 0.0048065826614810585 0.016468855962311107 0.0 
0.004673984207553479 0.004753818644796887 0.004740205066185759 0.0047225166418392635 0.018660122949428967 -0.014058659219310207 0.017210797972272086 0.0014785714921421865 0.004743909995333292 -0.004611468709891014 0.004761190481671303 -7.886399516571472e-05 -0.0026479107010940104 0.0 0.0043274076352359785 0.004793036627074038 0.016468855962311107 1.0 
0.004828447297127082 0.00467521122873193 0.004788289763421654 0.004717702420219042 0.015193794100413681 0.028117318438620413 0.02028808753021179 0.0016085864502232102 0.004759171419090701 -0.004613962740610249 0.004742143633871727 0.0012345287212594705 -0.0027040950903621163 0.0 0.004314646399804353 0.004769146296921382 0.016468855962311107 0.0 
0.004876806535445516 0.004831705242801513 0.004871170910450376 0.004824105633251149 0.01828168979129126 0.00852039952685467 0.021400487786021355 0.0015923008395570056 0.004739557586974595 -0.004595898747971997 0.004702202703381571 0.0016036686220032054 -0.0027126917848805028 0.0 0.004292384617945932 0.004729235989801322 0.016468855962311107 0.0 
0.00486393583681509 0.004889832599609482 0.004875047862959522 0.004894675584371759 0.012018720090383959 -0.0022153038769822148 0.021276078755238893 0.0015006155507787614 0.004702928991240941 -0.004568201413930066 0.004662606472225142 0.0021329034401363447 -0.002519861809335123 0.0 0.004285878708100427 0.00467472744693442 0.016468855962311107 0.0 
0.004801314711463078 0.004876063503599901 0.004897327960436949 0.0048376746060399935 0.019734991998066175 -0.010991315389642526 0.020668592507556573 0.0013780085960762875 0.0046603685078796244 -0.004537602257416229 0.004612483653723334 0.0025409717369612402 -0.0023371740014799746 0.0 0.004254292716886632 0.004631426399839925 0.016468855962311107 0.0 
0.004822161949098467 0.0048040405398574754 0.004785676971234799 0.004821133891510272 0.01773286264571982 0.0036637717965475086 0.021100182816180237 0.0012692279148860057 0.004622849981662337 -0.004510696866778035 0.004570618888490235 0.002888154612230996 -0.0023161491268713368 0.0 0.004228176268519654 0.004582246565635011 0.0 0.0 
0.004772602700487251 0.004825423828275773 0.004815288616019152 0.004783348195275019 0.021650933693978025 -0.008776011512660312 0.020648032557932117 0.0010932653407080667 0.004570733059365844 -0.004475771571670643 0.00452517455325304 0.0024128051547794116 -0.0020975612651285445 0.0 0.004215346973165725 0.004522276731095475 0.0 0.0 
0.004742228910552057 0.004775955114535367 0.0047327278782887065 0.004760005163900428 0.016011090842465013 -0.00545305569718699 0.020370650940911523 0.0009072554744984916 0.004518000258026043 -0.0044412186081635155 0.004461555430069118 0.002167198702401895 -0.001852185201740443 0.0 0.004241113841022699 0.004448450561485701 0.0 0.0 
0.004566880347720991 0.00474427148314067 0.004702131703115104 0.004613055506555794 0.016201298084251504 -0.03152547824936228 0.01856846299751436 0.0006912536917765698 0.004459692130609968 -0.004404029773327528 0.0044118126646788556 0.0014923223299780487 -0.0016045875206678148 0.0 0.0042416211968071315 0.004401758774416771 0.016468855962311107 0.0 
0.004583609902979186 0.004570904442230288 0.004593020685804747 0.004589436103199302 0.02259503526388702 0.003152547824936228 0.018867112662785693 0.0005897910382153005 0.0044307251880466685 -0.004384978806447305 0.0043877956649476645 0.0016284961760368564 -0.0011471274618017678 0.0 0.004262534154750839 0.004359885110373078 0.0 0.0 
0.004483832576576403 0.0045846088117201655 0.004538947247502884 0.00447847423833669 0.02263862442346309 -0.018574470968543186 0.017733797078184236 0.0004363224014216217 0.004390327648311137 -0.004359589337324476 0.004365734907589083 0.0017691017153105956 -0.000771030125961798 0.0 0.004263920102259534 0.004343489951694693 0.016468855962311107 0.0 
0.004429705641728202 0.004487221878597697 0.004509609407027966 0.0044507746335699745 0.02006092003216907 -0.010309683427494151 0.017074621628761392 0.0003393585353372044 0.0043648231836229 -0.0043435672584622815 0.004347675019420265 0.001417990748327605 -0.0006251438980112026 0.0 0.0042650709336730045 0.0043304234728581 0.016468855962311107 0.0 
0.0044815178508400815 0.004435423010147977 0.0044729662345523455 0.004471588712723078 0.014195206081034598 0.009968867446419965 0.01789887105546758 0.00026803775787084366 0.00434649709859735 -0.004332217054679601 0.00432473336376438 0.0012955148631149497 -0.0005491259363710889 0.0 0.004275518131746363 0.004318318926077483 0.016468855962311107 0.0 
0.004363537427128408 0.004486562844942537 0.004479260820857578 0.004398769153104624 0.01532158959098898 -0.022408650755627785 0.016471328388443524 0.00012080743971173305 0.004310614040652965 -0.004310740022372255 0.004301205424626342 0.0010312751551746528 -0.0004331510537672388 0.0 0.004268047008457301 0.004302772862850267 0.016468855962311107 0.0 
0.004383378773783082 0.0043701580834854675 0.00439162305215535 0.004414165747064109 0.022616829843675055 0.0038341797870846024 0.016769003345716613 5.470525571852062e-05 0.004295311361840024 -0.004301907489410414 0.004276027642523452 8.954034700168632e-05 -0.00029064554838005384 -0.05643326479831003 0.004266360978563911 0.0042902338951411444 0.016468855962311107 0.0 
0.004368472763577644 0.004387887265655069 0.0044269379824490255 0.004384659323318939 0.017780414456166443 -0.0028969358391305886 0.016594230338371412 -5.0146484408643905e-05 0.004271212515829579 -0.004288072119946601 0.004241654932039669 -0.00040383804421064264 -9.514319214169262e-05 0.0 0.004263496274561563 0.0042943129384049 0.016468855962311107 0.0 
0.004137467841015418 0.00436813685080201 0.00432463129350934 0.0040894881031645755 0.03293161005972169 -0.04507291349706121 0.01347367995441212 -0.00016672506389213605 0.004244824014237071 -0.004273096115580389 0.004212255319635651 -9.140367255796438e-05 0.0001876783983058972 0.05643326479831003 0.0042646285441780415 0.004281387505324314 0.016468855962311107 1.0 
0.004245648180669372 0.004139534551668576 0.004204667139422817 0.004117470023396674 0.026730061447307944 0.02223824276509069 0.014935665583624287 -7.360016312129913e-05 0.004269697865933593 -0.00428886406335034 0.004223309267500154 0.001406156113037731 0.0002610561766107762 0.0 0.0042333642907787655 0.004299435720263115 0.016468855962311107 0.0 
0.004327107702897042 0.004249334266001391 0.004343651954579753 0.004292125228991506 0.02177575719640041 0.016359167091560968 0.016161853025812783 -6.646208699136058e-05 0.004273693712740901 -0.004292167767549516 0.004224764664687005 0.002101831227481654 0.00040729657549658596 0.0 0.004215860516215823 0.0043000958144012325 0.016468855962311107 0.0 
0.0043633903670435075 0.0043345143659307495 0.004354848803148616 0.004336867772642153 0.021537998144167295 0.007157135602557924 0.01672991896113387 -0.0001406320965263943 0.004258284949499447 -0.004284023752546894 0.004224970895057611 0.00154988398162199 0.00041209398180085404 0.0 0.004208677100780129 0.0042884792859364034 0.016468855962311107 0.0 
0.004303531030085913 0.004367801449745366 0.004326180909388277 0.004331040187088293 0.015843668843184194 -0.011672947351790901 0.01594869189898502 -0.0002700172243606585 0.004229936832769138 -0.004268344455157959 0.004231228513731439 0.001104448453371194 0.00044499968141804863 -0.05643326479831003 0.004199569445722987 0.004277804943121708 0.016468855962311107 0.0 
0.004200677206707028 0.004309303386506369 0.004285730691886771 0.0042274631004517605 0.024807185112372628 -0.020363754869182665 0.01449971588838328 -0.0003683307266881315 0.004209494952752697 -0.004257532063686773 0.0042367348646266305 -4.2453606593038e-05 0.00043012450213904285 0.0 0.004196104576951249 0.004284496153786734 0.016468855962311107 0.0 
0.004246639365641597 0.004204761230842169 0.004205648757000264 0.0041373390886761795 0.025421395997308173 0.009287235484271593 0.015126583310326838 -0.00038164713761961345 0.004209704174820041 -0.004259053895227539 0.004256980794723876 -0.0014402499347026024 0.00022596105666680162 0.0 0.00419553844214301 0.004303229851099733 0.016468855962311107 0.0 
0.004112182330017754 0.00424883704864549 0.004218316575529396 0.004154697032184643 0.015279981756848185 -0.027009666500129308 0.013086589861346249 -0.0004408511808149861 0.004198453331818344 -0.004253604851807789 0.004257160509761118 -0.002659519530460661 0.00014997529238443456 0.0 0.004201326629171512 0.004311464102335487 0.016468855962311107 0.0 
0.004040214065669515 0.004115332717528657 0.004078280235311751 0.004060549282091913 0.016988874944773698 -0.014910699171995674 0.011856395063706783 -0.00037114996684029205 0.004218067163934451 -0.004266405966826422 0.004267637012587923 -0.002507331156647896 -0.00010023037466568158 0.0 0.004229503437004543 0.004311610789921736 0.016468855962311107 1.0 
0.004074964363731326 0.00404234768233428 0.004117390559384102 0.004083054282295576 0.025091505312334728 0.007327543593095017 0.01224522467315945 -0.00020379507270139674 0.004260609966557681 -0.004292578514314887 0.004303544666258648 -0.001697539941919484 -0.00015892615783803544 0.0 0.00425663769057322 0.004326513684501555 0.016468855962311107 1.0 
0.004247833493530982 0.004079309467199316 0.004218322401153001 0.004120388273786216 0.02689352079571821 0.036126493993863806 0.014431425934323892 -2.5253193703396032e-05 0.004305085863211587 -0.004319587330397598 0.004320523318055857 -0.0005502350007538947 -0.00015364579116756587 0.05643326479831003 0.004268381120803148 0.00435072841989303 0.016468855962311107 1.0 
0.004260186540662562 0.004244871078256405 0.004282526598904005 0.004270746518907636 0.022391949406771233 0.0024709158627878544 0.014604439535919639 2.2583913133797166e-05 0.004317379869760323 -0.004327202398126827 0.004298542106697367 0.0001429221061815443 -0.0002904523642335733 0.0 0.004273590798492083 0.004358175635810259 0.016468855962311107 0.0 
0.004329151838077148 0.0042628032663287125 0.004287364779307981 0.00429308510157381 0.022476155737770464 0.013803047233504569 0.015572259237614156 7.003112505632986e-05 0.004329653248781295 -0.004334835195932258 0.004281106801936672 0.0007377761999857732 -0.0002266050038217369 0.0 0.004277491869493121 0.004362037468609762 0.016468855962311107 0.0 
0.00442584972630213 0.004332331316948034 0.0043974836295020085 0.004375958063501651 0.02615349574564264 0.019000490944885918 0.017042707864632693 5.794438270185408e-05 0.004327723101540302 -0.004334090532731728 0.004261927377470278 0.001801785452770716 0.00019460083022145182 0.0 0.0042838461913298626 0.004357935858025045 0.016468855962311107 0.0 
0.00435851679582993 0.004430044824783551 0.00444709464012242 0.0043755063587570375 0.02893230466861717 -0.012951007280819101 0.016170425428728458 -5.791439078534173e-05 0.004301090016404279 -0.004318798342006561 0.004235853966329326 0.0015163944817591546 0.0006507407974198813 -0.05643326479831003 0.004279589352553155 0.00436028285940502 0.016468855962311107 0.0 
0.004402793646191548 0.004357583485975863 0.004360295761219317 0.004306006234663144 0.01617355952815764 0.008690807517391765 0.016839024155837504 -0.00013421382639275208 0.004284664610722912 -0.004309844653523999 0.004234030300623535 0.0011800390387758796 0.0009004957014615428 0.0 0.004278314775826408 0.004352260176803279 0.016468855962311107 0.0 
0.004248445263484165 0.004405604679366544 0.004362343467916484 0.004274918844311828 0.01737919605552306 -0.029906602339259895 0.014734740794015207 -0.0002746059875870476 0.004253039663867436 -0.00429196387167318 0.004232810595288806 0.001664302242807497 0.0011072349355535252 0.0 0.004262957982448811 0.004345602817119695 0.016468855962311107 0.0 
0.0042167714623984566 0.004249375455604838 0.004239533496698905 0.0042266131823138695 0.02065828965090477 -0.0063902996451410034 0.014257762261138536 -0.0002893020266780975 0.004252170360911568 -0.0042925400991497805 0.004246745876045495 0.001444983788818552 0.0009463447388929372 0.0 0.0042568573385042855 0.004345004783114221 0.016468855962311107 1.0 
0.004398673022612656 0.004220445643412058 0.004413230290106397 0.0042564970172601305 0.03154071960415797 0.03672292196074363 0.017009616827132618 -0.00027136686060371415 0.004259015753340312 -0.004297637496058169 0.004263253144138461 -2.266206757635481e-06 0.000769227073927979 0.0 0.004267087982279409 0.004346322150475336 0.016468855962311107 0.0 
0.004244471699990174 0.0044001264621080305 0.004374055884174391 0.004285367488272752 0.023701605519488644 -0.029906602339259895 0.01460053255534245 -0.00043281334718967717 0.004222012915317183 -0.004276438234944671 0.004268750656589198 -0.0017624038153380283 0.000758376564367319 0.0 0.004264201622847238 0.004344389823618025 0.016468855962311107 0.0 
0.004028393376045273 0.004239080996857505 0.004196860803792081 0.004046911959243028 0.030586711407072593 -0.043368833591690276 0.009780820523428145 -0.0004721327497373638 0.004214383676833319 -0.004272661728713413 0.004288242372759654 -0.0026653613078803434 0.0006436895760733397 0.0 0.004302590512658401 0.004322163833386264 0.0 1.0 
0.0040861085769650285 0.004040647140134806 0.0040466674888190715 0.00395988450236144 0.018582851257453206 0.012184171323402179 0.010578301765924069 -0.000292631129410968 0.004258968604705417 -0.004299685319859627 0.004322965674873468 -0.0027924703269086087 0.00029238420569837925 0.0 0.004346337574534432 0.004322651851702052 0.0 1.0 
0.004137682548739372 0.004087768046478707 0.004138164733159629 0.004128932031291237 0.016122045066840465 0.010735703403836887 0.011345911098797424 -0.00012119733462639354 0.004300241340976178 -0.0043241823751469 0.00434814934927266 -0.002096946292915195 -3.992472360598946e-05 0.0 0.004384924456846837 0.004313875984763227 0.0 1.0 
0.004165550434827874 0.004137057291232663 0.004142967959821974 0.004096673774694016 0.02703023225075225 0.00570866768299263 0.011774617396786953 4.402813344012515e-05 0.00433891500874838 -0.004346684796861325 0.004369096462629968 -0.0011613554230629293 -0.00026430810974319954 0.05643326479831003 0.004417030178376393 0.004302191754335513 0.0 1.0 
0.004340337228134623 0.004179076570978143 0.004302231770748011 0.004220473563877217 0.027350216308549318 0.035785678012789625 0.015096817595032291 0.00022370970526559502 0.004380276148709568 -0.004370457874036972 0.004393570115324643 -0.00026237638238401896 -0.0004415545641391446 0.0 0.0044193968074928034 0.004310205974191895 0.016468855962311107 0.0 
0.004390611188758452 0.004340201473321032 0.004408520273421732 0.004383907472658498 0.026279309910782662 0.009883663451151417 0.016327201222596413 0.0002676478629561831 0.0043882000661615225 -0.004374074809582403 0.0043857981765009334 -4.084208178760833e-05 -0.0005223699320835265 0.0 0.004401370208981268 0.004314033956009956 0.016468855962311107 0.0 
0.0043875493977908395 0.004396772451541594 0.004430456659106462 0.004409610066975344 0.02118829420484109 -0.000596427966879827 0.016261775257961197 0.0002677978225387449 0.004385512593972537 -0.00437136506293603 0.00436543734662578 0.00027708154623356477 -0.0006495172978255042 0.0 0.004382944531834416 0.0043131763978134265 0.016468855962311107 0.0 
0.004381578758343909 0.004377024978803067 0.00434587151717327 0.004349355031437319 0.02401663626369752 -0.001192855933759654 0.01614174971944577 0.0002676178710396708 0.0043829194190533405 -0.00436878238183578 0.004345073570602474 0.0008383454198746188 -0.000553375987593662 0.0 0.004374226674514095 0.0043080479741249705 0.016468855962311107 0.0 
0.004453541140288753 0.004385492384426053 0.004410553416059886 0.00438676331647148 0.021626167126037075 0.01397345522404166 0.017828887981684416 0.0002699872324441462 0.004381171972772564 -0.004366796613301033 0.004339682119485192 0.0012167012280994048 -0.00035326940919751314 0.0 0.004377478082620431 0.004293579500473657 0.016468855962311107 0.0 
0.004439085133943107 0.004454879213547841 0.004457775921002238 0.004469793780711588 0.018583841920170843 -0.002726527848593495 0.017577784300268698 0.0001951274088293285 0.004360962889140915 -0.004353906847901385 0.004329417739325297 0.0011308371720601049 -6.397614984282342e-05 0.0 0.004381710172334484 0.004275841586198074 0.016468855962311107 0.0 
0.004375037525767568 0.004443357893040678 0.004433850084856391 0.004416537196973329 0.0169680710277033 -0.012269375318670726 0.01643032084663491 0.0001127696060864241 0.004339324612514026 -0.004340322654517116 0.004323269128133074 0.0008423238717380233 3.992472360598946e-05 0.0 0.004379557003883475 0.004269319630440259 0.016468855962311107 0.0 
0.00433751073330285 0.004372158721367201 0.004356884858598573 0.004355236108342515 0.02141911861805074 -0.007327543593095017 0.015715764495104652 7.318027629012626e-05 0.004328318353055844 -0.0043331862988453705 0.00433072288295642 0.0010925130977809804 0.00010956760841224364 0.0 0.004370981453673422 0.004283593460948282 0.016468855962311107 0.0 
0.00434679610706342 0.0043299217251463575 0.0043304656555497745 0.0043316731680790995 0.023230050065892963 0.001789283900639481 0.01590188683687316 6.082360668703938e-05 0.004323960051117785 -0.00433003330029392 0.004333121047551757 0.0005797460487533256 0.00015882956576479513 -0.05643326479831003 0.004353174503092951 0.00431809889469811 0.016468855962311107 0.0 
0.004409879001082017 0.004353270346072006 0.00440331507873064 0.004397107949471474 0.02109517190938312 0.012354579313939273 0.017185878707338103 3.479062315432232e-05 0.004316186419939557 -0.004324802927814008 0.004330546114067329 -0.0005498321195525373 0.00010689522771926209 0.0 0.0043464087280895665 0.00433977762739656 0.016468855962311107 0.0 
0.004262742444938119 0.004416569940227166 0.004374320950048419 0.004282214470285681 0.018285652442161814 -0.0284581344196946 0.014373114936746886 -6.367283875571233e-05 0.004290670168092597 -0.004308916779536037 0.004316693325458882 -0.0017339503304921607 0.0002489177727402456 0.0 0.004332267732414908 0.004365947256966307 0.016468855962311107 0.0 
0.0041873712102252995 0.0042656983070281625 0.004225674338142546 0.004191264314306136 0.01527700976869527 -0.015081107162532768 0.012569821190411534 -3.554042106713099e-05 0.00429562666833588 -0.00431111530898522 0.004311298928193449 -0.0014877899164627778 0.00030957759473515214 0.0 0.004343506900493235 0.004380325461333776 0.016468855962311107 1.0 
0.004184250595223727 0.0041604235648455045 0.0041692531735278565 0.004193154342053334 0.02547786377221354 -0.000596427966879827 0.012492385202332625 7.830889401373758e-05 0.004320700901730704 -0.00432504228384275 0.004313213924491937 -0.0007336970278220292 0.00035330160655525994 0.0 0.004368274524945501 0.004385589288947999 0.016468855962311107 1.0 
0.004327757708472299 0.004194137255267255 0.004292878732050139 0.00423637238219091 0.033464586601810925 0.029224970377111525 0.015325468649694252 0.00022448949509491602 0.004352826802831934 -0.004342855100401457 0.004319919357684796 0.0003176718272703247 0.000472013264567585 0.05643326479831003 0.004381075977603942 0.004400624766538465 0.016468855962311107 0.0 
0.004351069673130607 0.0043327490972115724 0.00439679038029301 0.004375993724402541 0.02073754266831581 0.004601015744501523 0.015868300316516246 0.00025832037692084326 0.004357037765285948 -0.004343744559224312 0.004313293470492028 0.001271593791784353 0.0007488783438320232 0.0 0.004381861760343247 0.004419350001106105 0.016468855962311107 0.0 
0.004377702254505952 0.00436837810419363 0.004372753857298667 0.004398305561393047 0.024473331776528627 0.005197443711381349 0.016487833698942994 0.0002736162543421402 0.004356463141298172 -0.004341661275270449 0.004309065747894597 0.001544747246304683 0.0009163689988306984 -0.05643326479831003 0.0043847666815724105 0.004422100393348263 0.016468855962311107 0.0 
0.0044494234579115595 0.004375115546471823 0.004415155658707858 0.004400249080491581 0.028827294420547545 0.01397345522404166 0.01827170263076569 0.00026188941498581254 0.004349072592778462 -0.004335405513383458 0.004306352345447047 0.001470163863903391 0.0009901331454285384 0.0 0.00436621416547945 0.004424106063998698 0.016468855962311107 0.0 
0.004361469762334718 0.004454852734517053 0.0044266204859625515 0.004396525488090262 0.027107503942728012 -0.01687039106317225 0.01655946498996097 0.00016954430404429664 0.004321870777234024 -0.004317226275249887 0.004305645269890682 0.000755905854046857 0.0010654105678404766 0.0 0.004346439664417885 0.004421623658692956 0.016468855962311107 0.0 
0.004321098827828038 0.004362823391957287 0.004341417827927226 0.004346624000777453 0.0339936004930296 -0.007923971559974844 0.015674112551962275 0.00014126192677315358 0.004309900917550186 -0.004308009590636978 0.004322317522280133 -9.180655375932181e-05 0.0010387833529839014 0.0 0.004340314271410704 0.0044199423932813385 0.016468855962311107 0.0 
0.0042715689912338015 0.004323081308859547 0.004320777643494615 0.0042884402692328185 0.029601992665740443 -0.009798459455882872 0.014517276102959841 0.00014525085166929572 0.0043050475549457345 -0.004302749668030062 0.004341090378301618 -0.0010052893176870992 0.000894024032554443 0.0 0.004346566503363993 0.004417948006291384 0.016468855962311107 0.0 
0.004208877277041038 0.004272894719173341 0.004249477836192686 0.004213626670906237 0.025370872198708636 -0.012524987304476367 0.012902718416871331 0.00019947623672361881 0.0043113890463390425 -0.004303766192399039 0.00436881068625927 -0.0016702951006776887 0.0005687985219543627 0.0 0.004359918622666515 0.00441025254984358 0.016468855962311107 0.0 
0.004206512550875851 0.0042155117173419574 0.00420579439759039 0.0041771990606465645 0.0980181506085369 -0.0005112239716112802 0.012840217704657913 0.00033012102505140155 0.004335019352790223 -0.004314590403921027 0.004399927903035623 -0.0020105786353741984 0.00019575993510033537 0.0 0.004372726262590619 0.0044050507823620005 0.016468855962311107 0.0 
0.004251186463466696 0.004207912235505901 0.004220410887215403 0.004249792767892712 0.01913960370476575 0.009031623498465952 0.013695615001937325 0.0004934270104611302 0.0043651473304878 -0.0043287124096167895 0.004427094335140789 -0.0021580331550710135 -0.0002465029709092381 0.0 0.0043757208991719075 0.00440677718241554 0.016468855962311107 1.0 
0.004261613023486089 0.0042538680644951445 0.00424655046033116 0.004263575706086899 0.021397324038262704 0.0021300998817136677 0.013896244744067983 0.0006474055098355187 0.004391618342191373 -0.004340086253501074 0.00444828303264652 -0.00216483177534392 -0.000637185709808493 0.0 0.004366031641142367 0.004411493752496452 0.016468855962311107 1.0 
0.004308854605159285 0.004270323311072407 0.0042889318720577335 0.004311394002439354 0.020292735108096357 0.009457643474808685 0.014808963863149624 0.0008227982375997229 0.004422094041071296 -0.004353366080577191 0.004475210826751413 -0.001595913158877075 -0.0009487917380816913 0.05643326479831003 0.004357091042258149 0.004416870416715481 0.016468855962311107 1.0 
0.004350616728069115 0.004311501146061745 0.004308622479842725 0.004282068854940379 0.021396333375545064 0.008264787541049031 0.015652896662299368 0.0009849645301819824 0.0044483558307075255 -0.004363723400092497 0.004485083369207156 -0.0006748260122736764 -0.0011738190713738367 0.0 0.0043521505106255895 0.004418830952723995 0.016468855962311107 1.0 
0.004442349867827882 0.004353776389771504 0.004410294175809463 0.004397619089050905 0.01708595989110222 0.017978043001663356 0.01771163340204342 0.001133934379498809 0.004470724911175278 -0.00437147735341865 0.00447222048637762 -0.0001584833925839746 -0.0014580251482045373 0.0 0.004347256383485509 0.004416613713439547 0.016468855962311107 0.0 
0.004527927072432744 0.004444661249778338 0.004487617677918989 0.004467095439210872 0.029634684535422496 0.016444371086829515 0.019989067304517043 0.0012126931522602317 0.004475707932525689 -0.004368714416543668 0.004451506118724283 0.0005209757535053122 -0.0015311131502896956 0.0 0.0043399306609395475 0.00440210292606143 0.016468855962311107 0.0 
0.004508518082427675 0.004528899873057469 0.004534811054743315 0.004537276092163427 0.025238123394545148 -0.0036637717965475086 0.01969770200996565 0.0012078944456182564 0.004460502497772217 -0.0043539393530410905 0.0044272416425483645 0.0011273119615482273 -0.0013283341912005652 0.0 0.004313244984131498 0.004388669728259216 0.016468855962311107 0.0 
0.0045482919529896615 0.0045069752355652885 0.004528140715715559 0.004517222778895987 0.024083010665779263 0.007497951583632111 0.020799316006007637 0.0012058250033789044 0.0044463579073038715 -0.004339959187954952 0.004412340025197977 0.0015358838598748198 -0.0011610689177061176 0.0 0.004300981823585809 0.004363710271276018 0.016468855962311107 0.0 
0.004519524059181572 0.004551074590284865 0.004556910557888986 0.004563216425819544 0.020989170998595857 -0.005367851701918443 0.02042239826082909 0.0011461110976028219 0.004418714073307298 -0.004318121644098143 0.0043893011466530915 0.0016094600392727182 -0.0010524028353107835 0.0 0.004280440101581931 0.004338513857422726 0.016468855962311107 0.0 
0.004477741347859856 0.004498725546417668 0.004484786424846946 0.004504958400731387 0.01590508993167775 -0.007838767564706297 0.01986487917021989 0.001085077547500196 0.004391364918278815 -0.004296709622070208 0.004364945339884476 0.002013801684985058 -0.0011230116408494405 0.0 0.00423643317454802 0.004327960813958198 0.016468855962311107 0.0 
0.004462705924779705 0.004483067612878567 0.004438417373762732 0.004444397275794052 0.020488886326188678 -0.0028969358391305886 0.019664517420168368 0.001036550626583219 0.004367643261347527 -0.0042777029803804925 0.00434243087571056 0.0019535709453821237 -0.001132155690449522 0.0 0.004219408913074023 0.004303647346537517 0.016468855962311107 0.0 
0.004530450623489624 0.004464794139520552 0.004544111662828741 0.004509739933192459 0.03269583233292385 0.012951007280819101 0.02135453120394062 0.0009769266965566734 0.004341758660790454 -0.0042576207140677886 0.004316946694199912 0.0009797567215510728 -0.0010796096026068002 0.0 0.004234215039807541 0.004254681901881735 0.0 0.0 
0.004407393685647212 0.00452660796583707 0.00448152407562813 0.004446938114982502 0.012188123415100052 -0.02317548671304471 0.019811287879242547 0.0008185993692879944 0.004292435295111459 -0.004223759223532583 0.004287116944165773 -0.00010948296646887854 -0.0009131814604137685 0.0 0.004234109856291256 0.004217406329483907 0.0 0.0 
0.004222218567943144 0.004407740654516748 0.004363840653182976 0.004259284511013073 0.02128636981388725 -0.035785678012789625 0.01650639489700759 0.0007344420515543492 0.004261603034680147 -0.004201132691284735 0.00427458992222551 -0.0003779529270234285 -0.000829693711776405 0.0 0.004207371587725063 0.004208675597187005 0.016468855962311107 0.0 
0.004235545152836759 0.0042292425658626235 0.004235572072647486 0.004233347149098697 0.024126599825355335 0.002726527848593495 0.01685608580702961 0.0008093018751691669 0.004269444442021036 -0.004201620268380321 0.004280470433935944 0.0003846004668458259 -0.0008740294733937013 0.0 0.0042052400747038775 0.004205355380090573 0.016468855962311107 0.0 
0.004285695582989272 0.004235497501357575 0.00425253046296172 0.004277251661578416 0.02120216348288802 0.010054071441688512 0.01820369100093867 0.0008795129517245708 0.0042759067517912615 -0.004201182926500644 0.004279056282823214 0.0007568123367499112 -0.001036239761721907 0.0 0.004192568554624377 0.004199702266189767 0.016468855962311107 0.0 
0.004359737394534598 0.0042760869134405195 0.004322848652686202 0.004310758049706806 0.02502513091025298 0.014740291181458582 0.020444472687126177 0.0009048861130940163 0.0042714246846866045 -0.004194188411438524 0.004263877727546584 0.0007139054888053461 -0.0011600386022582211 0.0 0.0041913125396946214 0.004178009428915717 0.0 0.0 
0.004318301745013245 0.004374977267088821 0.004399545900258188 0.004361559974767101 0.021456763801320982 -0.008094379550511937 0.019760227281119837 0.000848561293883829 0.004247275743251584 -0.004175521596209368 0.00424103624092785 0.0004005142742994439 -0.0010884638759871609 0.0 0.00419582924362921 0.004153275645142132 0.016468855962311107 0.0 
0.004276389620816816 0.004319586076795575 0.004331598739340953 0.004302787838357774 0.020435390539436226 -0.008264787541049031 0.01902653845152224 0.0008087920125884571 0.004227467423016539 -0.004159576347677387 0.004218191808160964 0.00016664173691146236 -0.0009353976372590367 0.0 0.004197091445824628 0.004134793009274827 0.016468855962311107 0.0 
0.004252974714099077 0.004272212148601926 0.004258399778743785 0.004279637970196341 0.026556695471721296 -0.00468621973977007 0.018604817777770975 0.0007910068060966354 0.0042132049609609565 -0.004147026408738297 0.004189620063387523 0.00022687247651439644 -0.0008664952916809583 0.0 0.004187099011777561 0.004121280825849248 0.016468855962311107 0.0 
0.004208271389491251 0.004259181523339867 0.004261318416169904 0.004239097469367295 0.017366317440193766 -0.008946419503197406 0.017775351090601764 0.0007821291988089807 0.0042012439416461616 -0.004135906695946257 0.004170526077217523 0.0007426611345522318 -0.000724987904383923 0.0 0.004183219596206347 0.004110600841204313 0.016468855962311107 0.0 
0.004232674539979516 0.004213275710297667 0.004202025219117937 0.004209222549646257 0.01789830331956536 0.004941831725575709 0.018429114380286122 0.0008066625865160804 0.004197486784803008 -0.004129721854364079 0.004158977176463565 0.0016219997166649679 -0.000508009910528469 0.0 0.0041810695213881695 0.004098518861744657 0.016468855962311107 0.0 
0.004282327907045068 0.00424003424196586 0.0042643273507619005 0.004272122435333662 0.015885276677324988 0.009968867446419965 0.019805384712799894 0.0008018038960410801 0.004186677960253447 -0.004119361579836072 0.004149770463490065 0.001922448372577263 -0.00035230348846511015 0.0 0.00419417724369697 0.004073009326313027 0.0 0.0 
0.004280919071431728 0.004289397039583115 0.0042698529547512696 0.004303866580609712 0.01584465950590183 -0.0002556119858056401 0.01978438546904993 0.0007337522374745652 0.004160731477113075 -0.004100047616825502 0.004127721490724089 0.0014819984991932648 -0.0002310482391907906 0.0 0.004204760561614932 0.004039206300428119 0.0 0.0 
0.004221439149493175 0.004283901169637411 0.004302651215647572 0.004257020043806525 0.018284661779444173 -0.011843355342327992 0.01889042610029056 0.0006393676762102098 0.004128649777857058 -0.004077175818523513 0.004116337574266616 0.0009303030540844495 -0.0001681667995113572 0.0 0.0042092215801585444 0.004012548652542583 0.0 0.0 
0.004134153106701777 0.004222493355126303 0.00419300132815375 0.004154607879932416 0.018195502134856757 -0.017637227020589168 0.017400122272158355 0.0005728755973023369 0.004103445885716274 -0.004058452858053047 0.004099783167803225 0.0005223858377100631 -4.845702340888236e-05 -0.05643326479831003 0.004201639086087535 0.00400226077509935 0.016468855962311107 0.0 
0.0041317001444856494 0.004143568190691895 0.004159734104557242 0.0041434252157614955 0.02408994530480273 -0.0005112239716112802 0.017356073607983653 0.0005712560338106701 0.0040938069366700325 -0.004048946582195488 0.004091106761497 -0.0003647082075288034 -0.00013133302224905725 0.0 0.004201076044912128 0.003996195807591 0.016468855962311107 0.0 
0.0040902586125609 0.004127677830104769 0.004096001782318244 0.004097455342771866 0.022805055760026272 -0.00852039952685467 0.016623973323588614 0.0005641179576807316 0.004082370445918439 -0.004038181470927511 0.004092423689720729 -0.000598882905817803 -6.165794008505629e-05 0.0 0.0041981556555188045 0.003992957397033053 0.016468855962311107 0.0 
0.003991148938943563 0.004098247858441555 0.004095459999322977 0.004030751627656138 0.01665997492251789 -0.020619366854988302 0.01466411496250303 0.0005903908765455474 0.004078454162432516 -0.0040316656679228735 0.0040971669882446755 -0.000491968307007578 1.9318414648059412e-05 0.05643326479831003 0.0042065579622902706 0.003989245072734919 0.0 0.0 
0.004062340726043531 0.003974111219994489 0.004035199748752575 0.003970541168244226 0.02833493504988147 0.015166311157801315 0.01619449364627982 0.0007180364732220955 0.004098383301044478 -0.004039073884763066 0.004102110624842926 3.2985898361138663e-05 -0.00011594268524610324 0.0 0.004212609108109486 0.003996872827219839 0.016468855962311107 0.0 
0.004092976282929847 0.004063601517713173 0.004074257642212481 0.00405230567050272 0.022995263001812764 0.0063902996451410034 0.016899220676151818 0.0007964953268183949 0.004105464436647694 -0.004038444467057856 0.004106353078181115 -0.00012887162428420432 -0.00020165205156799353 0.0 0.004214295138002876 0.003998365091318405 0.016468855962311107 0.0 
0.004140759045715474 0.004091710479951535 0.0041033042015071455 0.004082237053316835 0.016509394189436918 0.009968867446419965 0.01803593968998501 0.000853569943941391 0.004106643152520057 -0.004034003082968982 0.004103238999584959 0.00040756469532319883 -0.0001430206631111332 0.0 0.0042164885236806995 0.003994057553929917 0.016468855962311107 0.0 
0.0040622083719671215 0.0041428002987990535 0.004113006777621319 0.004104388416253333 0.012499191508438378 -0.016188759101023874 0.01661460353049959 0.0008651168317986444 0.004096146687676672 -0.004022339647840047 0.004098283578394102 2.014406006787094e-06 -0.00011996735496444895 0.0 0.004214715872068016 0.003991064562987425 0.016468855962311107 0.0 
0.004167285743829691 0.004063951629342476 0.004141462036120074 0.004104875781898837 0.022059086733644873 0.022067834774553596 0.019367431588455317 0.0009493041414488019 0.004102700347927005 -0.004020616875435647 0.004095107630686764 -8.107984177318054e-05 -0.00012598826086309415 0.0 0.004222561324929738 0.003982782356194627 0.0 0.0 
0.004056175967284533 0.004169185181921687 0.004146763353600649 0.004094540064124066 0.014968913663509859 -0.022749466736701973 0.017212767232485424 0.0009347280700238014 0.004084574644599756 -0.004003876728487227 0.0040828958465987135 -4.653277875678187e-05 -7.659751407955558e-05 0.0 0.004218452980528963 0.003976959987386612 0.016468855962311107 0.0 
0.004047537657897522 0.004058555791290858 0.004064199703058401 0.00405362512383567 0.012537827354426259 -0.001789283900639481 0.017024351430912025 0.0010185854685923232 0.0040897492072794256 -0.004000803515278691 0.004081487587782286 0.0004731336108441187 -6.275265024844633e-05 0.0 0.004212151250450363 0.0039789769416975285 0.016468855962311107 0.0 
0.0041448355512688955 0.0040501119225841275 0.00410482760207986 0.004059090156897142 0.014859940764569682 0.02044895886445121 0.02000018951947845 0.0011200181302370802 0.004098380354254798 -0.003999464894525357 0.004083290630451017 0.0004376297049744962 -0.00010035916409666866 0.0 0.004200995610458498 0.003982040455518024 0.016468855962311107 0.0 
0.004137600195091827 0.004150591018079688 0.004147456602809648 0.004177534867463284 0.013235253907643397 -0.0014484679195652943 0.019872430852985495 0.0011330646139199511 0.004084798600615505 -0.003984559810463957 0.004075810360294307 0.00042846415764361483 -0.00012853185212508862 0.0 0.00413824745572888 0.004009688244610738 0.016468855962311107 0.0 
0.004040502303435918 0.004133441432472882 0.004108707467400809 0.0040785788392338155 0.016376645385273426 -0.02002293888810848 0.017971526552582565 0.0011420022050406303 0.0040696344209175655 -0.003968472721322351 0.0040751946153306405 0.0001505264888571656 -0.00018323516293684353 0.0 0.0040957069106572945 0.0040216178946539055 0.016468855962311107 0.0 
0.00410470873650315 0.00404191224938355 0.004065088110658167 0.004064923685934484 0.017648656314720592 0.013547435247698927 0.02019889505005691 0.001238306248961776 0.004074997578136814 -0.003964362298655933 0.004083982975266624 0.0003769457240200349 -0.0003599664596088404 0.0 0.004047876253443144 0.004041372763240404 0.016468855962311107 0.0 
0.0040618848397803425 0.004108080405207371 0.0040720788589841996 0.004081960681334934 0.015750546547726223 -0.008861215507928859 0.019346012833767516 0.0012774457000103887 0.004065620893372173 -0.003951103156668721 0.004082901738895016 -0.00010384262964987469 -0.00055817339389793 0.0 0.0040091841876144525 0.004048337602672085 0.016468855962311107 0.0 
0.004091288033155198 0.004067473340437234 0.004051796950403298 0.004088801630822433 0.012094010456924445 0.006134687659335363 0.020428901183131707 0.0013541650224489718 0.004064624878460026 -0.0039425454398880275 0.004083605868303229 -0.00034008209409583113 -0.0008195193467284271 0.0 0.0039649359572196535 0.004058800376852768 0.016468855962311107 0.0 
0.004030508100066132 0.0041035701436298744 0.004111934862877993 0.004072358983770159 0.010628820297537873 -0.01269539529501346 0.01922174812321746 0.0014029018867815354 0.0040560143590124215 -0.0039291089971387845 0.004083750229562654 -0.0006263795478104468 -0.0009694946391128617 0.0 0.003939388737293746 0.0040564477336425524 0.016468855962311107 0.0 
0.004045375874649496 0.004031644269667003 0.004028532322536621 0.004053206108250206 0.012600239105637451 0.003152547824936228 0.019762092569352314 0.001508623392487558 0.004060475798589312 -0.003923166466598047 0.004085744771861233 -0.0005086375167137412 -0.0011359871760213871 0.0 0.003919734887912626 0.0040544025701804345 0.016468855962311107 0.0 
0.004042111140764721 0.00404761112523196 0.004030335353042377 0.0040432061972921545 0.015643554974221322 -0.0006816319621483737 0.019700436611579664 0.0016069968786480554 0.004062329329298601 -0.003915332727928981 0.004087963221419327 -0.0004684501168783387 -0.0013192223389582307 0.0 0.0039026147238208388 0.004049251579171018 0.016468855962311107 0.0 
0.00406554075349095 0.00404408647202267 0.004033172431738025 0.0040681747713990045 0.012672557484025024 0.004941831725575709 0.020487506246046158 0.0017134681822668868 0.0040654647135190845 -0.0039079865663555 0.004085476672379445 2.3618910429578677e-05 -0.0014378374048973153 0.0 0.0038920901849266833 0.0040400610377095275 0.016468855962311107 0.0 
0.0040701584401568024 0.004071933586067688 0.004049356014112791 0.004080985950043925 0.01154221132320009 0.0009372439479540138 0.020638405857569576 0.001801224529982014 0.004063513938750325 -0.00389738398078605 0.004076246390220733 0.000377247884921053 -0.0015903562885437445 0.0 0.0038748277137246293 0.004029555949802042 0.016468855962311107 0.0 
0.004131453083543018 0.004076593895486316 0.004097501880396539 0.00411718770793129 0.012572500549543588 0.012865803285550554 0.022699139156850224 0.0018835223488918933 0.00405991885533962 -0.003885670310441207 0.0040528480816013615 0.0006260270267592591 -0.0016786092461276293 0.0 0.0038668863582451175 0.004008650147846518 0.016468855962311107 0.0 
0.004128244232490506 0.004133435548243819 0.004119519824811739 0.00416122892053109 0.018170735566915806 -0.0006816319621483737 0.02266129906188669 0.0018993580808104125 0.004040072226838723 -0.0038642080531973632 0.004025410603866256 0.0006073434110463087 -0.0016630579223359412 0.0 0.0038595173248395097 0.003980198397944558 0.016468855962311107 0.0 
0.00409391158506981 0.004129543130718033 0.004110982373418572 0.004135829443871814 0.01752779546316876 -0.007071931607289377 0.022264280427889336 0.0018974685900701347 0.004016067678098068 -0.003840322685539096 0.003991700776716564 0.0010288075078163385 -0.0014682317106102622 0.0 0.0038507345012297194 0.003952409563095837 0.016468855962311107 0.0 
0.0040689143118385505 0.004095814729723622 0.004057488584665409 0.004072709649295583 0.014565713937431201 -0.005197443711381349 0.021972133963099796 0.0019052964802798572 0.003994662197855971 -0.0038180862149677173 0.003963211524091367 0.0012865507563847472 -0.0013586319048402718 0.0 0.003835451955040086 0.003928871847333201 0.016468855962311107 0.0 
0.00409270863357533 0.00407058609761205 0.004054770931253664 0.004082620408001408 0.016303336344168216 0.004941831725575709 0.02268719096808257 0.0019157036753096417 0.003974167275625274 -0.003796508712228554 0.0039312929550177995 0.0018719875021072465 -0.0012334807752785936 0.0 0.0038107090796504752 0.003906896918547134 0.0 0.0 
0.004050434741570048 0.00409380232338376 0.004057124483190095 0.004076159841456741 0.01327785240450183 -0.008776011512660312 0.02224636411913351 0.0018788736018324798 0.003942586530615012 -0.0037684685967133624 0.003904368107061059 0.0020475429855987414 -0.001166767850027295 0.0 0.0037593362128437884 0.0038975258385179545 0.016468855962311107 0.0 
0.004067531947040492 0.004051147546899378 0.004031762630825609 0.004080667973677652 0.017315793641594232 0.003578567801278962 0.022730680615666472 0.0018509511275594847 0.003913702098162776 -0.00374225467904709 0.00388151778199787 0.0022503433103320323 -0.001229874671210956 0.0 0.0036133198368104983 0.003947639395627642 0.016468855962311107 0.0 
0.004017269751223456 0.004070203622722895 0.004035887172337968 0.004046127419423437 0.03191221812327221 -0.010565295413299793 0.02224248678156801 0.0017733920314585557 0.0038733133987962874 -0.0037093949378173576 0.0038576156820445883 0.0014535953744975669 -0.001333711149944275 0.0 0.0035287832260457426 0.00394810766753759 0.016468855962311107 0.0 
0.0039734076103012566 0.004026557353641241 0.003996960355409177 0.003986639093254558 0.014647938942995153 -0.009287235484271593 0.021799194510218646 0.0017036008417343248 0.0038354147367101635 -0.003678266834030128 0.003840477938247197 0.0009590586998313354 -0.0016066481515636078 0.0 0.0033863059659721565 0.0039834621967385865 0.016468855962311107 0.0 
0.0038365652601003407 0.003974040609245722 0.003934460152562642 0.00386610524824458 0.01768828282342611 -0.02931017437238007 0.020194879104003614 0.0016379485364887976 0.0037990277777303436 -0.003648246860005591 0.0038223002041523186 0.00023135452987949772 -0.001968353268490774 0.0 0.0032403731180253277 0.004018497962531006 0.016468855962311107 0.0 
0.003857527204601951 0.003837755979896186 0.003853140272660067 0.0038384086152196055 0.012959849672140039 0.00468621973977007 0.02074156989709319 0.0016743287312182742 0.0037878211365738605 -0.0036334245162998055 0.0038163018465158243 5.635300803986895e-05 -0.0023838601702127846 0.0 0.0031665837877186253 0.00401528211929402 0.016468855962311107 0.0 
0.003791708993004219 0.0038605779623206143 0.0038407579096875815 0.00382951419218916 0.020742495981904 -0.014569883190921487 0.019909028225471935 0.0016764881492071634 0.0037685609192194634 -0.0036138977923747995 0.0038070067490977785 -0.0004154208787496684 -0.0027064133001198838 0.0 0.0030985114908852916 0.004005104257540473 0.016468855962311107 0.0 
0.0038095120868821826 0.003797351921028754 0.0038336797770074735 0.0038194667333632543 0.028424094694468886 0.004004587777621696 0.020346954310283483 0.0017248651105415788 0.003760972935791132 -0.0036015221991850407 0.0038033299562046817 -0.00019957727512243134 -0.0030315100212889765 0.0 0.0030547675226420936 0.003984421307879442 0.016468855962311107 0.0 
0.0037502645198777716 0.0038134099821442017 0.0037903400501978733 0.00377486683331617 0.021278444512146145 -0.013291823261893288 0.019609605379679346 0.0017448097350222893 0.0037470287270210873 -0.003585573995640359 0.0037926855229332406 -3.051825100282447e-05 -0.003358087820914421 0.0 0.003002095330046004 0.003964488721640373 0.016468855962311107 0.0 
0.0038238916219836805 0.003750993022348632 0.003788799172754344 0.0037684567863810977 0.015387963993070724 0.016699983072635156 0.021411559629739247 0.0018080027031138043 0.003744438498891572 -0.0035767503277166195 0.0037780873588424586 0.00040801793667472584 -0.0037400128785065553 0.0 0.002961401683775068 0.003935811298528801 0.016468855962311107 0.0 
0.003822341608688837 0.003824860691902597 0.0038006310142961537 0.0038183255845347574 0.012016738764948683 -0.00034081598107418685 0.021395281432797404 0.0017879681028835563 0.003722758967209151 -0.003556984247762872 0.003746304312583862 0.0007936256065239453 -0.003972252419933976 0.0 0.0029322380070686584 0.003892778238370721 0.016468855962311107 0.0 
0.003828885782466876 0.003826219948816364 0.003819721582849828 0.0038459687262083963 0.012438761082662462 0.0014484679195652943 0.02154729990128468 0.001740460907127999 0.003696049265541424 -0.0035348807527630158 0.003682437712955212 0.001086167718859601 -0.004119619726340923 0.0 0.0028995011844413937 0.0038445800826276233 0.016468855962311107 0.0 
0.0038462065192663686 0.003836405549326016 0.003839610261837391 0.003866759031427573 0.01485102480011094 0.0038341797870846024 0.021930255924761236 0.001650455165674446 0.003661020776604502 -0.003508622509906235 0.0036263253752613633 0.0014779193270295211 -0.004163601317023005 0.0 0.002870612841057024 0.0037859445409399242 0.016468855962311107 0.0 
0.0037919119359213806 0.0038463734333603027 0.0038197623622150635 0.0038032350799745832 0.013707800023956713 -0.012013763332865086 0.021465074846611056 0.0014968365692982057 0.0036128967543256367 -0.003475499772546158 0.0035446935022790485 0.002428769322383199 -0.003688625895542718 0.0 0.0028641688038681568 0.0037164400132942395 0.016468855962311107 0.0 
0.0037766794523274648 0.0037971077255226013 0.00377189903867616 0.0038004178688042316 0.02334992025472716 -0.0034081598107418686 0.021335435407981856 0.0013386592016120884 0.003566340424157012 -0.0034443982638732327 0.003460492588108608 0.0033378707532462143 -0.003335968236142393 0.0 0.002877548765866165 0.0036405827847979483 0.016468855962311107 0.0 
0.0037647469970386992 0.003780320020003227 0.0037467847753148878 0.0037730600143377163 0.012002869486901751 -0.002726527848593495 0.021238762097417742 0.0011364537004858464 0.0035119603673855844 -0.0034097891551247953 0.0033928608111423162 0.004514183140909538 -0.002692600633646521 0.0 0.0028992908174088235 0.0035547592631821226 0.0 0.0 
