17 25 1
1.9119648952660182 -0.05190549164956802 0.8871425863198169 -2.120282044320522 -1.6257969743177652 1.9674698860952957 1.4957845518177986 -0.1250086899970088 -0.9419746486080075 -1.5971961646411783 -0.6527812947610278 0.38032489448419154 -0.6470747039900947 0.9434719778345902 -1.058903871280951 -1.383827925907916 -0.13616888341890646 
-1.416413797194598 1.3615451186892165 3.7146226754432243 1.2258823919457618 0.28948339447719684 -0.8266489920953433 0.287302197563138 -0.08729251634529049 0.11651877674585027 0.31514598016003537 1.6629516791174705 0.3881419413963797 -1.0893455927853462 -0.5619045371104268 -2.1076927081813945 -1.0595137793372997 -1.1579317335460664 
-0.023095818927572377 0.9572233902212146 0.5596169823269186 0.18109142756854227 1.174348686962159 1.1283735140210644 -1.369141799181252 1.0424490963761486 -0.65192235722958 -1.7192253089028993 0.37069423046782846 -0.8151356042232962 0.2903697071948782 -0.23749422823725116 -0.5601524438762724 0.13962024586234453 -1.2793762480058122 
0.6810260230854521 -0.55183067742409 -1.8920408782078413 -1.2380469950324895 -0.21234688601149304 0.7120258521269702 -1.043274356329659 0.03353321964068031 3.005718760434615 -0.16991756761911636 -0.9637621986870253 0.356947580110926 0.9908002399547742 1.673949188612582 0.8772676411562472 -0.28145147782514657 -0.31288969390904087 
0.7224126658983432 -0.38190131881437084 -0.3490142682940467 -0.42228153101528365 0.312036029410087 2.1791606632348755 2.1476094448966228 0.18878536866388967 1.9391617058243558 -0.4424443824859946 -1.1121059307047831 -0.8431440376415946 1.526164525075537 -0.28727022579509875 0.10940217109220286 0.3189572182186947 1.5045876483797294 
1.641229950432091 0.2915617158613671 1.1726444270445258 0.4614413927985103 0.018556874767564638 -0.10298829414047035 -1.4591179600326651 -2.1731697084582504 0.40280413164438583 0.08377737718758789 0.585063643206625 -1.4680975591903074 0.38375626368675536 2.318300941258446 -0.20204071473011334 -0.3003525761468217 1.2856947672002008 
-1.107632728675839 -0.2988967515048677 0.9321279158805761 0.581482340600041 1.0427150184693708 1.0302953885299595 -0.34199911473239264 -1.241607774205709 0.196769982430758 -0.36867919706739016 -1.5029844460154194 -2.0580869032238356 -0.5718766124543787 -1.676463098387329 -1.161525437943034 0.31640122237758816 -0.5641285351085831 
-0.22007555038712867 -0.05233302959023216 -0.5703594875582534 0.7976494514644543 -0.17137618876946292 0.3749560417709595 0.9058332421283226 -0.017437752048342622 -0.6054750400459157 -0.18806185256511393 -0.9838954816139542 1.2805023047697954 -0.4488103781248644 1.2095253532290986 0.3197927833246789 1.6933754506032317 -0.5057874709131438 
0.6195156495540699 -0.5696782868761949 1.3157404792507987 0.31711458678120547 1.2539179849331303 0.29744562892020027 0.6554644629828279 0.3207004018876645 0.5952121562321535 -0.8824897460333478 0.9161829247519915 0.6259033211248688 -0.1501993307591183 -0.10713366029625147 1.412906107268087 -0.4284068294287546 -0.07522460871075164 
0.3466209277476831 1.1811737409939151 0.9164581922594183 -0.31921717862922655 0.6322448236200632 0.9945983825459449 1.3669428713071554 0.7179759845336103 0.45396639381030085 1.4343650951646547 -0.6651067220198991 1.1639398958168015 -0.1570747523548867 1.1069347924568642 -1.091575262113064 -0.15176327243480905 1.8926286802646948 
0.7314574287897024 1.901263345520334 0.039022177135306604 0.7880966072113418 0.3618802109995251 -0.971423101887444 -0.3246824940420882 -0.10520042898468299 -1.084082871873184 1.2675157197587905 2.0597831506964757 0.9593898380439461 -1.37786076561022 -1.1202345720710285 -0.14827517955617733 -0.4303386439928774 0.3694446140401249 
1.6820702775374339 -1.1053367292199154 -1.0658528905527471 -0.6528782910440962 -0.6695278379648586 -1.5839316282705145 -1.9670964736842467 0.6483852767244576 0.6793663801518517 -1.1616519909664813 -0.0994857115766729 -0.7218569115130671 0.37324264706367377 -0.17632997198789493 0.21698332392021838 -0.45589287960471664 0.29884640311696825 
0.49430618235857665 0.5242105229536345 -1.2438821625357273 0.17121412529696062 -0.7502152045699617 -0.7293177143316654 0.12147103098752561 -0.8966673330485455 -0.7501356225124969 -0.3071665846673884 0.9547926676205851 -0.4867806916189508 0.4612212821653198 2.216212307995947 0.08978158892996681 -1.089188155431411 0.3888783612707076 
-0.4071753543258902 -0.07827191277908704 0.7432999742411925 -0.1855327849006941 -0.08062412478625436 -0.5822582735047077 0.4621572865334171 0.6784800329193075 -0.019411242542972672 1.0493377447290329 0.04324444174889645 0.30695483163426857 0.984916636072148 0.7445232360244498 -1.546530140164758 0.13033371745312353 -0.5000169558143813 
-2.7737683939023365 -0.7778630671277503 -2.29397103779521 0.19258356144996241 -0.0007847610363472741 -0.17451420277462998 -1.6265885665706488 0.4184335402495145 -1.5515768648181483 -2.416698269670587 -0.12868487503846193 -1.1021272158040183 1.6644439084867322 0.21472844488293913 -1.374805644186347 0.21964707492337016 -0.8204959469746388 
1.3482824176746262 2.0822815335962583 0.339128713534919 -0.4231592256193689 0.834542699241147 1.2337983224191813 0.9224932040185793 0.9864790983484045 1.5479332576346625 1.4154159559721204 0.37688844957476775 1.8626486656362835 0.6955554833464869 0.8289574036748845 0.10738822602206244 0.1006842729606503 1.3842853315638868 
-0.6571385520129289 0.6621532605937461 -0.47905061043887615 -0.7060136976285647 -1.6255680551592906 -0.7231275516317326 0.20384201054529644 0.5195082116889013 -1.9101837336487077 -1.0424898281741612 0.8148854921826993 -0.032372698221068426 0.37200689847197244 -1.0607738489273155 0.6979333626269237 0.008123982945033817 -1.1021627268578718 
-0.6348230960559357 -0.4009681150998277 -1.838774914343529 0.5205610387379559 0.10001299306899059 0.5213996668759958 0.3400508745673529 0.6134146837547113 -0.20039158867806597 0.6507734821323771 -0.6272976528421409 -0.3485190242500556 0.34669461026547127 -1.3526867156877966 -0.8246268318031446 -0.24137876082779083 0.7987248649118887 
2.706074788371353 0.006484474328878646 -1.251174215586121 0.9899770797870722 1.7656690070059997 0.7246954922269575 -0.3560593387252455 0.14882651643650255 -0.8486293436795969 -0.8286980189170461 -2.406261536798177 -1.079634582390259 -0.009183912432744221 0.2814895349840456 -0.36378428919238137 0.8863390165181284 0.5177971108705142 
-0.3272613908421457 -1.0842620937601393 0.5291032957794225 -0.646349521638642 0.3355074941075716 -0.1153030816888775 -0.11463067064277462 -1.6539413278558113 0.05758892434094856 -0.9553527729490109 0.04427331794084363 0.46656865754892723 1.769505886142184 -2.1169390962263885 -0.05709371516276296 2.7287252572591147 -1.3885789927191807 
0.08988523130270547 2.706690524564244 -1.1247510803653964 0.6845861348850941 -0.7982002669154276 -1.4739356034370803 0.4709951209176396 -0.8076670079668871 -0.7383590645890528 -1.2105331757648838 -0.6586104195748248 -1.0276886196234902 0.12908732955852817 -0.7450412936164759 0.4787338482612532 -0.008695944857044346 -1.9815347890888484 
0.04778662981789106 -0.0041717069336806795 1.670997832569461 1.0793086352342731 -0.11926930672430953 0.5660303291830918 1.3248323457201316 0.07822988135159871 -0.0754629499314033 -1.2344247649818791 -0.5968950126138636 0.7591675198344442 -1.1224153294296826 0.5758564590807621 -0.5622035677778455 -1.25951083716864 -0.44153314095441965 
0.2997155928295883 0.8806557630056139 -0.12016408541272777 -0.6536547411270938 -1.5165696430666373 1.760751498702564 -1.0654379428431482 1.1124038339539881 -1.6132080333407846 -0.22488335475315152 -0.4175694351847857 -0.5323493145631119 0.37554125500505425 -0.34516278922169946 0.6432541934627626 -0.48166458673833773 0.6013202502604079 
-2.22794885892163 0.1756476605834501 -0.11526641649546697 0.5663629043535854 -0.16797205890573502 1.1431832901251915 0.9315682318469587 -0.45652279645992 -0.9254047176761226 0.09330639220936503 -1.8409077436352326 -1.1081381357581943 0.46675361752288247 0.6308434889960493 -0.5540793484048794 0.7994503895414864 1.9948204544382668 
0.2408470957884021 -0.6544469078011506 -1.5886196917899869 -1.5788092982402924 0.8192407851041319 -2.28615688274903 -0.13089094462511483 1.1199138273999314 1.1248882537329246 -1.142325194823789 -0.054985444382576305 -1.149366311546536 -0.701984329668444 -0.8428821177438126 1.5100964411136666 -0.6521893708491291 1.453020347386876 
-2.110174032450814 0.2376426432414425 0.7699545644573312 -0.7032075026905705 -1.2531320052466561 0.2113379722016093 -0.9446776529025948 -0.5069626517183619 -0.2540169599242991 1.2264268218250032 0.15040704642258143 -1.1258886600234452 0.8045074578656338 -1.3307591677827955 0.3211521049521682 -1.064854442369549 0.16962043503249322 
0.32871204699467693 -2.764848732996495 -0.8359292899996985 -0.7889125068628279 0.257043467452987 -0.49068143025803923 0.1481418391949717 -0.0673363547609918 -1.3825431180436443 0.13604578315751242 0.5206599250232363 -1.4636007585020838 -0.6806151166144258 -1.253207585055483 -1.9966274932514234 2.074024410609351 -0.7883133466659745 
-0.8361552147378626 1.1678067915083838 -0.6801520848304672 1.2690603724836929 1.0357819321436477 0.5371572779095899 0.7889451232287887 -0.058842990755759966 -1.0032996930823082 -0.2191173449878572 -1.48319821949377 0.6922898006561815 -1.5609878354367264 0.7831307542915666 0.7715171497807316 -0.6593920523226904 -0.24742928909752374 
0.25498003994432855 -0.09860356584441098 0.6952902154280438 0.008159746427310093 -1.9085469414721241 -0.6685481486118798 -0.053366634417219075 -1.5116276832415307 1.7299957439247264 -0.8970985892000714 1.2237406100756854 -0.46983249734399163 0.3405834615462629 0.8414904257060936 0.4202772214091463 0.261191786353364 0.09165529074732141 
0.667250516773255 -0.6162603520357457 0.6772667830874555 0.4020292527387182 -1.4308698019629704 1.5076844993872764 0.4212684431158407 -1.0529717140728854 -0.20912876654142284 -1.2228612275987845 1.1858852056120688 0.24409662640164106 -0.5014725441755172 -0.5069861679910086 0.5965407028582237 0.24783307153253478 -1.469037403364504 
0.6725982632738156 -0.038830145719695154 -0.6465759843152882 -0.03038639069008657 -0.1547878265481769 -0.6467342152979015 -1.4206341722784699 0.17554371815670267 -0.02380537826259034 -0.3530413199968684 0.0533352884581978 -2.0366704773594377 -0.9863371590837687 -0.14575034995479785 -0.13437994412731769 -1.562057365805674 -1.3653500133611765 
0.12799232551795245 -1.2710214720440793 -1.3614331088413556 0.1364186433618325 -1.6011309713368214 -0.7043944366927503 -1.2770724640681548 2.333943628963737 -0.2912224105006106 -0.004609794367753743 0.4215025772519494 -1.5192898358266465 0.9791121590789452 1.187388485669237 -1.1404383338976596 -0.05664336882819284 0.15062851212039072 
-1.5432382976310615 -0.66762598609265 0.24803860382249424 0.4947750554780767 0.10826264261032724 0.9654838199741372 1.060956315455574 -1.1099387898194355 0.7658692009253493 -0.17119661779972914 0.16675811355537726 -0.7083591784497033 0.6592040559572853 0.5595639589726674 0.34272803569936244 1.2263992062761615 1.0865613048330582 
0.49278425547533844 -0.9826503393097648 0.23845099919063853 0.031950076974054636 -1.1915650983213704 0.275144128173641 -1.3635079985066842 0.19021963129279315 -0.4011222330172578 -0.21058042531615342 0.06387761145606018 1.129514651235553 -0.6826352480496536 0.3299721441212826 1.2003542054718594 -0.7751808627886836 -1.5861685723242176 
0.8319679352362331 1.0486733492671139 1.3962098073398943 -1.573391645749119 -1.7162602368139614 0.3125812340537299 -0.8410730062809145 0.6590811187341378 0.41830890460534004 -0.3066946823332684 0.9781884409324574 -0.8126466926087231 -0.8274233757073665 1.1517352125726759 0.8218573638091536 1.3337552860768982 -0.3654601051134316 
1.5046311935701615 0.8257168153022253 -0.5723843052229872 0.39817653616128473 0.36273582814223365 0.6124030745733117 -0.26017758835415167 -0.7606917592878383 1.3202880303626308 0.5415599579820557 -0.4320156947421631 -0.02796284943737869 0.38528275612763424 0.940014014905901 -1.3962076254005429 1.095040409814688 -0.1045173544605552 
1.3672886417404364 0.8465218575143625 -0.22573245125958727 0.0032801758012788373 -0.2129959012353295 -0.7450827122067942 -0.3948804251028146 1.8210556119949268 0.28214821850662586 -2.501728811545792 1.370652673519053 -1.812804364878638 -1.4614804638593488 -1.358079855268744 0.2510368709348587 -1.5953043761420493 -0.797338282840395 
-1.9142616377400126 1.1674387940637554 -1.0508419413892764 -1.274328129842293 2.421576044186044 -0.8690257076235479 -1.2723550385933886 -0.44821873071545226 1.8669747925956957 1.7376435752714117 -0.449720949220489 -0.5453498846311091 0.1858860604277658 0.7547784354038753 -1.1499823930277455 0.044969788891262207 0.451040651642341 
0.06167850840476446 -1.2481140485109237 -0.7902278393192701 -0.23615574441336554 -0.24359843452683363 1.1552627290359856 0.6033948898956838 -1.6877838393277294 -0.683322526898869 -2.0964256852040744 0.4648200728149127 1.5755618377765257 0.04046866838378547 -0.42042326561833193 1.1396176045335802 -1.9278787577912848 0.9852974562727874 
0.7377718691278267 -1.2687666503278592 -0.5157935785301505 -1.974758522847732 -0.3887347757306993 -1.715900579978871 -0.30807687172756576 -1.7950147819150615 -0.8815536517470483 0.5390221421409213 1.7864096632462834 -0.6000285271156546 0.9505551940846134 0.8818007454266706 0.18860234245397886 -0.13916060763852442 -1.2269540611601866 
-3.2710870078959347 -2.096195466759656 1.4538250847814485 0.06888653458653697 -1.080436861839121 -0.4366927876597473 0.008823069063357959 -0.41307426528941615 1.1069206560333977 0.15638724395412243 0.20272752397743202 -0.20017265148080424 -0.5448851861139409 -0.58857938530254 -1.2331622162476126 0.31408827512931325 0.7849554345315498 
-0.41849859139366474 0.9944251572124816 0.7767198364510581 0.3160733102657043 -2.34693732139386 0.4412984781888677 -1.0154817179729696 -1.9149073206036282 -0.9202584796702159 -1.7686177999609656 1.4908784803015949 0.5770917249017521 -0.479194658431713 -0.3401149780533622 1.0167601270414186 -0.7543710044829262 -0.5557013509447296 
-1.3796285990945116 -0.07578164610777936 0.17926853862334532 1.6177849322668143 1.2084771232544878 -0.008523184868882453 -0.3988448399202291 0.2348504509397946 -0.11805195180390758 -2.6406738649146786 -0.691333172976415 -0.05933814839927814 0.538624858949214 1.683968619256667 -1.1828495190959654 0.25816815353585953 0.9688267473456509 -0.785075136207618 0.7062691942856858 0.38346515658391456 -0.43507252415820974 0.36335843722634964 -2.126506652335206 -0.9424715928885039 -0.3697806888983344 
0.7767704414003858 -1.148162906352055 -0.3379170584026391 -0.59567000352182 0.6937604593292108 0.45645362648630317 0.9150241300987034 0.4217811517786377 1.2825602324383882 -0.18751098997046922 -0.3267288648388935 0.796541436995382 1.152806941531233 0.9914151359388996 0.4186125405016893 0.3381124030397969 -0.3697195215666132 
-0.7526054592144369 0.5312693297637766 0.24355406240233837 0.8971718102839328 -0.13073817981909008 -0.028997476980948397 -0.47665428170546076 0.6652509789390408 0.7210388046706557 -0.825157206734883 -0.6203019717932865 0.34228244179040196 -0.5999182701958381 0.41228031472261184 0.5137323235290422 0.44568649738991994 0.3599826263754094 0.5866618831395704 -0.6825438806320017 -0.26466154816372817 -0.24724803249289334 0.6691979045878278 -0.08244177921107973 0.7041346311804524 -0.39762282613156935 
-0.9593242904462403 
