20 100 1
4 4 4 4 4 4 4 4 4 4 4 4 4 4 4 4 4 4 4 4 
4 4 4 4 4 4 4 4 4 4 4 4 4 4 4 4 4 4 4 4 4 4 4 4 4 4 4 4 4 4 4 4 4 4 4 4 4 4 4 4 4 4 4 4 4 4 4 4 4 4 4 4 4 4 4 4 4 4 4 4 4 4 4 4 4 4 4 4 4 4 4 4 4 4 4 4 4 4 4 4 4 4 4 4 4 4 4 4 4 4 4 4 4 4 4 4 4 4 4 4 
4 
1.0 1.0 1.0 1.0 1.0 1.0 1.0 1.0 1.0 1.0 1.0 1.0 1.0 1.0 1.0 1.0 1.0 1.0 1.0 1.0 
1.0 1.0 1.0 1.0 1.0 1.0 1.0 1.0 1.0 1.0 1.0 1.0 1.0 1.0 1.0 1.0 1.0 1.0 1.0 1.0 
1.0 1.0 1.0 1.0 1.0 1.0 1.0 1.0 1.0 1.0 1.0 1.0 1.0 1.0 1.0 1.0 1.0 1.0 1.0 1.0 
1.0 1.0 1.0 1.0 1.0 1.0 1.0 1.0 1.0 1.0 1.0 1.0 1.0 1.0 1.0 1.0 1.0 1.0 1.0 1.0 
1.0 1.0 1.0 1.0 1.0 1.0 1.0 1.0 1.0 1.0 1.0 1.0 1.0 1.0 1.0 1.0 1.0 1.0 1.0 1.0 
1.0 1.0 1.0 1.0 1.0 1.0 1.0 1.0 1.0 1.0 1.0 1.0 1.0 1.0 1.0 1.0 1.0 1.0 1.0 1.0 
1.0 1.0 1.0 1.0 1.0 1.0 1.0 1.0 1.0 1.0 1.0 1.0 1.0 1.0 1.0 1.0 1.0 1.0 1.0 1.0 
1.0 1.0 1.0 1.0 1.0 1.0 1.0 1.0 1.0 1.0 1.0 1.0 1.0 1.0 1.0 1.0 1.0 1.0 1.0 1.0 
1.0 1.0 1.0 1.0 1.0 1.0 1.0 1.0 1.0 1.0 1.0 1.0 1.0 1.0 1.0 1.0 1.0 1.0 1.0 1.0 
1.0 1.0 1.0 1.0 1.0 1.0 1.0 1.0 1.0 1.0 1.0 1.0 1.0 1.0 1.0 1.0 1.0 1.0 1.0 1.0 
1.0 1.0 1.0 1.0 1.0 1.0 1.0 1.0 1.0 1.0 1.0 1.0 1.0 1.0 1.0 1.0 1.0 1.0 1.0 1.0 
1.0 1.0 1.0 1.0 1.0 1.0 1.0 1.0 1.0 1.0 1.0 1.0 1.0 1.0 1.0 1.0 1.0 1.0 1.0 1.0 
1.0 1.0 1.0 1.0 1.0 1.0 1.0 1.0 1.0 1.0 1.0 1.0 1.0 1.0 1.0 1.0 1.0 1.0 1.0 1.0 
1.0 1.0 1.0 1.0 1.0 1.0 1.0 1.0 1.0 1.0 1.0 1.0 1.0 1.0 1.0 1.0 1.0 1.0 1.0 1.0 
1.0 1.0 1.0 1.0 1.0 1.0 1.0 1.0 1.0 1.0 1.0 1.0 1.0 1.0 1.0 1.0 1.0 1.0 1.0 1.0 
1.0 1.0 1.0 1.0 1.0 1.0 1.0 1.0 1.0 1.0 1.0 1.0 1.0 1.0 1.0 1.0 1.0 1.0 1.0 1.0 
1.0 1.0 1.0 1.0 1.0 1.0 1.0 1.0 1.0 1.0 1.0 1.0 1.0 1.0 1.0 1.0 1.0 1.0 1.0 1.0 
1.0 1.0 1.0 1.0 1.0 1.0 1.0 1.0 1.0 1.0 1.0 1.0 1.0 1.0 1.0 1.0 1.0 1.0 1.0 1.0 
1.0 1.0 1.0 1.0 1.0 1.0 1.0 1.0 1.0 1.0 1.0 1.0 1.0 1.0 1.0 1.0 1.0 1.0 1.0 1.0 
1.0 1.0 1.0 1.0 1.0 1.0 1.0 1.0 1.0 1.0 1.0 1.0 1.0 1.0 1.0 1.0 1.0 1.0 1.0 1.0 
-0.15982 -0.054706 -1.2479 -0.064531 2.2174 -4.9839 0.46805 5.4348 -0.16373 1.6202 0.99524 -3.5702 -1.7532 3.5512 0.12347 -0.28355 0.09616 -0.041544 0.04418 -0.67249 
-1.0285 1.7534 -0.14832 -1.4739 0.46058 1.3909 0.67372 1.1437 -1.0967 0.46215 -0.62042 -0.48101 -3.0753 -0.9697 -0.048385 2.0355 -0.096251 -0.58629 0.11813 -1.3731 
0.25825 -1.7733 -2.9824 -0.52619 -0.1364 0.33323 4.5777 1.0284 -1.886 -2.6139 -1.6421 1.0976 -6.8164 -1.2955 1.6725 0.40031 -0.15463 -2.4682 -0.57391 0.94636 
0.3627 0.19601 -1.5014 -0.62587 -0.59199 -0.31008 9.8797 -0.13597 1.7897 -1.9091 -0.48723 2.4791 -1.8553 0.17791 0.49808 0.31331 0.77885 0.85813 -0.41082 -1.3907 
-2.2975 -10.139 0.51251 1.8106 -0.37228 -0.66604 0.32511 0.76515 4.2605 2.9135 2.3807 4.0911 -4.2494 -2.0076 2.3532 -1.1966 2.6175 1.2229 -1.0895 1.2848 
-0.31887 0.32781 -0.080242 -0.22831 -0.50614 -0.16409 -0.36936 0.85056 -0.20119 -0.16337 1.3429 -0.46282 1.1138 -0.46074 -0.99379 -2.4813 0.18752 -0.33752 0.64255 1.3562 
0.095481 0.25312 -0.78923 -0.92049 -1.1509 3.2961 -0.24636 -0.039085 -1.6047 -1.7859 0.64616 -0.23648 1.3527 1.0562 0.33734 -0.18082 -0.04949 -1.3948 -0.043153 0.87745 
-1.3423 -0.65372 -0.17649 0.16054 -0.55548 -0.50748 1.9865 1.1879 -1.6348 -1.1031 1.2456 0.89447 -0.69925 -1.0448 -1.264 -0.10725 -1.1261 -0.40997 -0.35651 0.46429 
0.24904 -0.30418 0.20036 -0.37752 -1.5778 0.074697 0.49638 0.83132 1.1974 0.32277 -1.3198 0.79365 -1.7112 -1.007 -0.99415 1.1016 1.1359 -0.05405 -1.4354 0.40114 
0.13183 -0.8501 0.0057362 -0.109 -0.49106 -1.2349 -1.0872 -0.31501 -0.71933 -0.12083 -0.21708 -0.5463 -0.96775 0.85023 0.18395 0.29307 -0.81134 1.0515 -0.34893 -2.634 
-1.6504 -0.38263 0.73523 0.76067 1.1662 1.5923 -0.83292 -0.15845 0.43309 0.31509 -0.64724 -1.796 -0.049686 -0.20697 -0.4225 0.54351 -0.033179 0.085693 -0.56789 -0.67003 
0.52577 -0.97223 0.25974 0.37395 0.12964 2.894 0.75561 2.4958 0.23136 0.66332 -0.32063 -0.69026 0.13499 1.8009 -0.95034 -0.24015 -1.2193 -0.70508 0.06935 2.0106 
0.073611 -0.35359 0.67866 0.96345 0.818 -0.57552 0.22767 -0.047711 0.041417 0.090165 0.9719 1.2915 0.4453 0.91256 -1.7188 -1.1552 0.39354 1.0095 -0.075912 -0.9599 
1.494 -0.39675 -0.1534 -0.53003 0.027412 2.5726 -4.2088 -1.5552 0.73188 0.13174 0.12401 1.2542 -2.4001 2.2614 -1.1517 1.6569 0.11029 7.9569 1.1665 -0.12367 
-0.40539 0.95774 1.3589 -0.49927 -0.27821 0.4961 -0.56948 1.1163 -0.94944 0.75586 0.91057 -5.1215 0.19161 -1.164 1.0648 -4.4459 -0.11651 0.020582 -0.067833 0.086569 
0.51693 0.066081 -0.45678 0.063859 0.54786 0.50622 -1.0028 0.07289 0.70105 1.5251 0.44742 0.36466 0.89557 -0.30287 -1.1491 -1.1698 0.51165 3.4059 0.20899 0.52013 
0.31715 -0.53695 0.91846 -0.19447 -0.21118 -0.25051 0.62479 -2.1727 0.80327 -1.1116 1.5725 -1.272 -1.2204 -0.50913 0.15376 1.7067 -0.18349 -0.88122 -0.63518 -0.24685 
-0.078928 1.0042 -0.49066 0.38919 1.0209 0.14439 1.3503 0.0023914 -4.6516 8.8361 -0.68892 -6.9917 1.1673 2.2289 -2.3083 -0.68642 -1.0406 0.80836 -1.5846 -0.71253 
-0.69365 -0.6434 0.30869 0.26944 0.24171 -0.99539 0.10798 -1.5338 -0.47633 -0.29634 -0.74842 1.8866 -0.5906 -0.43203 -0.71046 -1.7337 0.42003 0.44936 0.18535 0.79895 
-0.93914 0.31689 0.30788 0.47772 -2.4612 0.013564 2.3831 3.7422 -1.3973 2.5286 0.93454 1.5435 0.27104 -0.41019 -0.83886 -0.25725 0.94607 -0.42347 0.088695 0.31701 
-0.021647 0.11082 -1.7519 -0.52096 0.013513 0.49375 1.3598 -0.46284 0.18432 0.054152 -0.15041 0.57882 0.32204 -0.062878 -0.35013 0.01486 -0.42224 -0.71471 -1.0147 -0.26051 
2.3963 2.7365 -2.0029 0.61454 0.76241 0.91071 1.8181 -0.27963 1.5678 -1.4709 -6.5462 -3.3672 -0.83386 -1.8932 -4.6198 -0.62409 -7.107 -5.036 1.1522 0.52098 
1.352 -1.8611 0.2852 0.86174 1.4747 0.35606 -1.1543 -0.18051 -0.21829 -0.19435 0.11587 0.36551 1.271 0.058895 0.44227 1.6609 -2.4737 -0.58662 -1.3408 -0.50776 
-1.2339 -0.43749 0.27636 -0.20962 0.10375 0.13214 0.35992 -0.084607 0.22379 -3.8078 -3.9776 4.7718 -0.26029 2.5732 -0.31429 0.20117 0.41082 -1.3941 -0.74328 -0.22056 
-0.10581 -1.7918 -3.1632 2.1364 0.6454 -7.1976 0.18087 1.1322 -3.1938 1.4249 1.6277 -2.2923 7.3615 5.9426 2.2956 0.95512 2.5779 -5.5435 0.03425 2.1579 
-3.3761 0.12704 -0.47513 1.6661 -0.59964 -0.42238 -0.5186 -0.79477 -0.28811 0.76663 0.61 -2.0009 1.0078 0.30081 -1.002 -0.32241 -1.6591 -0.38545 0.99616 0.81149 
-0.093095 -0.28402 0.48258 0.67595 -0.30351 -0.011296 0.41346 -0.4671 0.30612 0.23699 -0.47042 -0.23041 -0.59653 -0.19286 0.60988 0.2394 -0.58694 0.32682 0.41089 1.5765 
0.55686 0.33758 1.0258 0.4536 2.2049 -1.4303 -0.089239 -0.63138 -1.5067 0.77369 -0.41652 -2.321 1.7027 -0.24597 0.74571 -0.21 -0.33056 -0.23234 -0.43337 -0.086377 
0.52758 0.0083887 2.3181 0.53312 -0.76071 -0.04244 -1.1907 0.23576 1.6412 -1.4522 -1.6997 1.8416 -8.5761 -0.33644 -1.6141 -0.018798 4.7695 -0.97787 0.18986 -1.8936 
0.070434 -0.32908 -0.033641 0.11383 3.8344 -0.93092 -5.666 -6.6915 0.82631 0.98849 -3.5441 2.3254 -0.55476 0.085967 2.3796 2.6573 -0.0294 -0.44041 -0.094433 -2.5309 
-0.37508 0.65765 -0.52738 -0.62224 -0.6501 0.24925 -0.59559 0.38234 0.39116 -0.5303 0.5671 0.40308 -1.5295 1.5091 -0.13917 -0.37739 -0.95368 0.40607 -0.32396 0.14238 
-0.12336 -1.8783 -0.2421 -0.91769 -0.81532 -0.53493 -2.1533 -0.92558 -0.10109 1.0354 0.19797 1.0678 -2.5251 0.27307 -0.081659 -0.10049 -0.31108 -0.0040948 0.016357 0.012298 
0.23 -0.7776 0.029765 0.0052926 -2.942 -0.81116 -1.3147 -1.3109 -0.46631 -0.72058 -7.6654 -0.46514 -0.23256 -0.17229 0.15013 -0.58167 0.47696 -0.39571 -1.0454 0.23442 
-0.45186 0.027242 0.34959 -0.026567 2.557 1.3797 -0.42199 -0.16444 0.089098 -0.61165 4.5132 1.0056 -0.29186 -0.52298 0.27535 -1.7592 -0.24674 0.059525 0.020426 0.57375 
0.12831 0.61177 -0.01919 -0.27852 0.067026 -0.57343 0.68028 0.57688 -0.15542 0.10367 -0.78336 1.924 0.0067827 0.046959 0.25553 1.9886 0.99266 0.32838 -0.69484 -1.1086 
-2.6689 -0.71379 0.43728 -0.00077504 -0.4926 3.8141 -0.092547 -0.25758 -1.1059 -1.6696 -0.55846 -2.9108 -1.963 -0.056416 -3.2647 0.63543 0.67936 0.32811 -1.4591 -1.1722 
-0.41148 -0.11865 0.40138 -0.68392 -0.15787 0.47977 -0.58629 0.28742 0.13872 -1.6898 0.34879 -1.2736 0.49417 1.1757 0.63495 0.038803 0.24282 -1.2288 0.38149 0.55086 
-2.4323 0.08111 4.7476 1.6855 2.3817 2.5738 -0.32546 -2.9629 -3.971 1.7347 -3.6345 1.4979 -18.579 3.5325 -0.40628 -0.48058 -18.772 -4.949 -2.5548 -3.3187 
-0.6009 1.5806 1.4609 -0.027953 -0.40965 0.034441 -0.62491 0.6434 5.2187 1.34 -0.6393 2.3014 -2.6558 1.8295 0.70159 0.1887 2.8498 2.6811 3.4526 -0.47449 
0.42931 -0.46311 0.25707 1.8677 -0.62689 -0.60924 0.33146 0.42716 0.49165 0.37835 -0.44285 0.61825 -0.31806 0.35182 0.31126 0.44252 -0.13453 0.020812 -0.23075 0.49988 
-1.4943 2.8523 1.4993 -2.2644 0.97254 -3.1996 -0.3153 -3.5117 3.3782 2.475 0.91344 -0.47184 1.964 -1.662 0.79279 13.787 0.28733 -2.8933 -0.27163 0.12634 
2.3764 0.10566 -1.6175 0.75602 -1.36 2.304 -0.4277 1.3291 2.3244 2.8316 -7.7881 -0.21103 -3.4148 -0.18183 -2.5871 4.0878 0.98007 -2.1164 -1.6833 -4.1079 
-0.46949 -0.06897 -0.6041 0.036518 0.35493 0.80128 -0.96062 0.17267 -1.237 3.6974 -0.77512 0.12911 0.31115 -0.37372 0.59315 0.21687 -0.81805 0.33395 0.053155 -0.85959 
0.0069864 0.085259 0.15541 -0.1662 0.53309 0.15349 0.073484 0.4558 -1.2534 0.66757 -0.47367 1.4735 0.81339 -0.40564 -0.39304 -0.096009 0.27936 0.81469 -0.051067 0.84503 
-0.36916 -0.70297 0.49562 -0.93193 -0.6774 -4.3251 -0.5503 1.4267 0.96708 1.425 0.88484 1.1257 -0.3079 1.1853 1.2976 -0.53355 -0.56257 -0.42835 -0.12832 0.19076 
1.1452 0.50462 -0.44542 0.55429 0.27968 -0.54191 0.94616 -0.062352 -0.91825 -0.61129 1.0353 -1.6579 -0.9278 0.57888 1.6442 0.08886 -0.45742 -0.40529 -0.37848 0.6366 
-1.4957 -6.2154 -14.575 -4.5243 -2.8404 3.4009 2.6807 -4.338 -1.6297 -10.736 2.2992 2.6414 12.113 1.7667 -15.591 17.394 27.906 10.598 11.041 -6.5095 
0.075383 0.14496 0.29082 -0.34416 -0.64262 -0.19326 -0.11106 0.16364 -0.43043 -0.050963 0.546 -0.56668 -0.66858 -0.084774 0.17915 -0.20997 0.15408 -0.9074 -0.98988 0.38135 
0.59745 -0.80129 -1.9565 6.0188 2.4319 -1.4557 1.7956 -1.3772 0.35249 -1.3497 1.2735 2.083 1.1761 0.31303 0.7895 1.4123 -0.1188 -0.27582 -0.93155 -0.59595 
-0.41866 0.39488 0.7546 0.35361 0.32572 0.73618 -0.9553 -0.63975 0.55869 1.1759 -0.81876 -0.45404 1.3148 -0.22361 -0.13353 -0.37905 -0.41257 0.84018 0.20621 -0.027045 
0.98558 1.4919 2.5218 0.69726 2.7702 2.7289 26.163 -5.142 2.1281 11.091 3.2696 0.26258 5.4822 -1.2501 0.50532 -1.5802 1.2527 -5.926 2.2891 0.10949 
-0.13237 -0.034889 0.062488 -0.33288 0.53103 -0.19908 -0.489 -0.86319 1.7864 -8.7528 -1.7206 7.947 0.14431 1.2854 0.556 -0.080154 0.5472 0.034387 -0.17062 -0.51066 
2.1818 -0.18687 -0.4749 0.29054 0.20066 -0.37914 -0.69277 -0.76136 0.62645 2.5223 -0.123 0.12627 0.18924 -0.20201 0.00096726 -0.42013 -0.29119 0.050706 0.48009 -0.68619 
-0.20098 0.63886 -0.54238 -0.68305 0.31652 0.5375 -0.24253 -0.18328 0.84866 -0.083737 -0.61696 0.070666 0.31912 0.32721 -1.2417 0.23811 -0.13899 0.039998 0.37179 0.30173 
-0.67408 -0.54963 -0.6531 0.11253 0.85963 0.055932 0.19202 0.35265 -0.18948 -0.22442 0.48948 -0.21862 -0.27475 -0.32637 0.59846 -0.15834 0.21153 -0.50071 -0.17543 -0.39485 
-0.33704 0.27547 0.59155 -0.64969 -0.328 -0.014258 0.47093 0.40378 0.055668 0.54351 0.10871 0.10183 -0.35789 0.17854 -0.30825 0.024409 -0.88913 -0.50316 0.59745 1.6276 
0.32962 0.5633 -0.31977 0.26014 -0.33856 -0.02317 0.63149 -0.66438 0.54675 -0.62251 2.0097 0.30203 -0.24473 0.23291 0.34966 -0.15084 -0.12621 -0.12294 0.14309 -0.5377 
0.96737 1.6539 -0.4024 -0.19276 -0.20132 0.50164 0.86186 -1.6804 0.98415 -0.14341 4.1368 -0.7171 -1.6027 0.29916 1.1696 2.2445 -0.25575 1.8621 2.599 0.97566 
1.0619 -2.6375 1.1831 1.3743 -0.52147 0.43348 1.5538 11.136 -4.3566 3.2784 1.1443 0.30303 3.119 17.692 2.2602 -2.3871 0.66893 0.018209 1.3649 1.9782 
-1.2676 -2.5863 1.046 0.28542 -2.4265 -0.99298 1.231 -1.6683 -1.9101 0.82936 2.1579 -2.5949 -1.3852 1.9685 -0.45089 1.4139 1.2145 -3.9962 -0.05937 3.6231 
0.33181 -0.063871 -0.20662 0.51282 0.30921 0.65241 0.23509 3.1386 0.27166 -1.2215 1.0858 -0.19697 0.48007 -0.67223 -1.3284 -0.15864 0.33501 0.56028 -0.24309 2.3356 
-3.0338 -0.58717 0.40595 0.38419 0.043731 -0.61949 -0.98072 -0.031516 2.287 -2.1717 0.35028 7.1832 -6.6209 -0.42938 -0.67162 1.7139 -0.56312 -0.16278 0.47393 -0.099938 
2.3555 2.594 0.6237 0.19213 -0.12445 -0.46804 -0.63559 0.19353 -0.68714 1.2216 0.53443 0.088113 -0.66026 0.095006 1.1179 0.16276 0.45183 0.60629 -0.18886 0.23913 
1.1107 -0.50614 10.753 -0.75334 -2.8869 -1.4129 -0.34646 -0.72311 -0.88507 2.2684 1.3411 -5.939 -2.0606 3.8784 -8.8765 1.7087 -0.13991 -2.0594 -1.134 0.91592 
1.1422 0.74504 0.67006 -0.47437 0.37817 -1.8069 1.8544 0.46599 -2.4981 -2.0655 1.2369 -0.45499 0.5446 -0.059138 0.18234 0.034843 -2.2585 -0.62603 -0.48376 0.72893 
0.57136 0.33817 -1.4067 -0.81079 -2.2273 0.58318 -0.78746 -3.0739 0.30222 1.5321 -1.3759 -0.80736 -0.10376 -0.71815 -0.29897 0.41173 -1.0926 0.52383 0.68383 1.354 
-0.92029 -2.726 -0.33962 -0.14145 -0.72879 1.555 0.85604 -1.2367 -1.3033 -1.6946 2.2385 0.086455 8.3401 -0.24013 -3.3016 -1.1112 0.23457 0.70553 -1.3573 -0.87759 
0.76097 -0.04647 0.029348 -0.65907 0.22043 -1.0079 3.9217 1.3698 8.9922 -4.2566 -0.77552 -0.97241 0.91851 0.41883 -3.7411 -1.2775 3.6784 -1.7861 -0.8669 -1.0751 
1.1834 8.9102 -4.0038 -20.196 -3.1106 1.9677 -2.8573 0.89018 0.33244 3.2674 7.3652 -5.1197 -0.94706 2.3361 4.0566 17.34 10.946 -1.6563 -0.90528 4.5198 
-0.068867 0.47088 -0.55541 1.9279 0.31555 -1.1426 0.10899 2.8647 1.9677 0.073894 0.3566 3.0497 0.2163 -0.52207 0.55818 -0.19863 0.013239 -1.2197 0.69839 -0.96085 
-0.28618 0.021677 -0.4376 0.11377 -0.058236 -0.23477 -0.99527 0.54687 0.27443 1.9866 1.8735 0.46698 -0.50268 0.94757 -0.44652 -0.32318 0.21713 -0.14181 0.36467 -1.2922 
0.24665 0.68543 -0.62715 -0.1512 0.1486 0.47835 0.81059 -0.28289 -0.8965 -1.202 -0.43626 0.30277 0.30059 0.33469 -0.034993 0.59815 -0.30866 -0.34502 -0.26293 0.161 
1.4804 0.3251 -0.0079505 -2.0735 -2.029 -4.6716 -0.41502 -1.1237 0.87375 3.9519 1.2594 -0.81715 0.64286 0.53658 -0.24423 0.14357 0.31605 0.57448 0.0057113 -1.7859 
1.2907 0.39417 0.47515 -0.03475 -0.74174 -0.51342 -0.33343 -0.57708 -0.5779 -0.78251 0.099529 0.34514 0.2805 0.049211 -0.53948 -0.086641 0.64559 0.35285 -0.024866 0.20962 
0.47866 -0.016597 -0.25565 -0.2578 -0.53433 -2.3488 0.51568 -0.59921 1.2832 1.9311 -1.4616 1.2149 -0.11147 0.15114 -0.24385 -0.15703 -1.6921 -0.47631 -0.41373 0.62985 
-1.2156 0.086269 -3.7853 0.098903 -1.0834 5.2391 1.6168 1.6663 1.3735 3.3586 1.9286 -1.0198 -0.06325 -2.5967 -4.94 1.1732 -1.4333 -1.4379 0.29414 -2.2991 
-1.466 -0.62965 -0.089358 -1.7576 -0.32855 -0.089932 0.85597 0.6928 -0.7511 -2.3196 -0.57863 -0.90403 -0.025823 0.29149 0.94911 0.019405 0.49195 -1.1912 -0.094466 0.021408 
0.83131 -0.78802 -0.69668 -0.98944 0.13877 0.50293 1.7193 2.0498 0.34933 -0.57494 -0.21912 -1.4022 0.36257 0.38393 1.1855 0.50764 -0.2474 -0.39783 -0.040242 0.63422 
1.32 0.088106 -0.74964 0.25857 -0.30983 -0.34199 -0.34714 -2.4028 -1.422 0.67463 -2.1741 -1.4605 -0.19004 1.6068 0.19811 0.64646 0.30697 0.099086 0.19896 -0.29763 
-1.021 -0.25994 -2.235 -3.7381 -1.8241 -2.0069 2.7221 -9.5357 -3.4439 -4.0932 -0.92545 -1.7145 -2.7221 0.72916 -0.83092 1.6608 0.061125 1.0321 0.10529 1.702 
-1.3135 0.83827 -0.51092 2.2311 3.8135 -0.067158 9.419 -0.49609 -3.04 -0.9718 3.6277 2.9136 -0.27519 0.41159 0.35356 -0.84365 -0.031408 -0.26241 -4.5019 -3.7957 
-0.0030343 0.64791 0.01137 0.30222 -0.39253 0.045154 -0.53642 2.8786 -2.341 0.19135 -0.28764 1.334 0.051142 -1.2975 1.3246 0.56587 0.56612 -0.16107 -0.11262 -0.052755 
0.47038 -0.057439 -0.37176 -1.1907 -0.6379 -0.64216 0.86144 0.37299 -3.5408 -3.6168 -0.40633 0.30314 1.5421 0.049664 -0.37415 0.38025 -0.55906 -1.9279 0.92188 -0.45895 
0.19982 0.01289 0.32245 -0.63179 1.4958 0.48501 -0.21422 0.0171 4.0351 -2.72 0.5547 -0.65737 0.90171 -0.45901 -0.47181 0.22481 0.78618 -0.47031 0.67909 0.054856 
-0.29527 1.2605 -0.05084 0.11837 -0.65292 -1.5318 -2.3699 -3.7841 0.27466 -0.79421 -3.2816 -4.3245 -1.2642 -3.4312 -0.13589 -1.0148 0.50477 1.6424 0.53132 1.1708 
2.1035 0.24782 -0.5039 2.6287 -7.5044 -0.015102 -0.78845 1.4777 3.4945 -3.3794 -3.2936 24.2 13.696 -6.7294 -0.45278 0.34962 2.5647 -3.939 1.1561 0.96524 
-0.301 -0.7382 -0.15066 -0.25726 -0.56427 -0.63206 -1.0537 0.097502 0.9303 -0.3374 -1.7061 0.25321 -0.86698 0.45423 -0.58531 0.33681 -0.70769 0.35697 0.53357 -0.399 
0.71759 0.62706 -0.97091 0.73103 -0.6136 1.2491 4.0366 -8.3699 1.2317 3.5232 10.798 7.0995 -1.7762 -0.21899 -0.72396 1.7773 1.0324 -2.3602 1.8087 -0.30722 
0.112 -0.17051 2.0111 0.48004 1.0847 1.1564 1.4876 -0.57106 -3.6569 4.6973 1.7137 -5.4484 2.2621 -3.8663 -0.63392 1.7307 -0.6703 0.12202 0.15372 -0.22129 
-0.094003 -0.1632 -0.76261 0.10289 0.26052 -1.959 -0.39326 1.0874 0.24198 -1.1152 -0.68045 0.38665 0.11273 2.2459 0.9871 0.31699 0.33421 -1.4083 0.057101 0.16214 
-2.6994 0.000594 -0.40306 -0.14101 0.17092 0.31171 0.058795 -1.5599 -2.5052 -0.42211 -1.144 0.38265 0.52379 -0.96733 0.062792 0.59469 3.2478 -3.0305 1.0323 -0.22316 
-1.535 -0.29557 -1.2038 0.27598 -0.059021 0.26786 0.87713 -1.6326 1.5292 0.89913 0.36801 -0.31301 0.23937 0.64127 1.0029 0.53604 -0.14117 -2.1389 0.3311 0.80639 
0.56675 0.62641 1.0316 -0.73405 1.6856 0.16784 2.6649 -3.3146 6.3984 1.7871 1.1853 0.15848 2.225 0.19245 -0.30946 0.21872 -2.5793 -0.20485 -0.38223 0.33763 
-0.11248 -0.32363 -0.71169 2.8218 -3.9725 -0.28687 0.80906 2.1971 1.0286 -3.7551 1.1958 -5.0888 -6.3454 5.2204 -14.035 -0.73747 1.4199 -0.4995 -0.34029 -2.6827 
-1.0588 1.1786 1.2689 -0.14815 0.38265 1.243 0.91963 0.84679 2.0216 -12.168 0.17944 0.28472 -1.2572 0.37072 2.0737 -4.0752 -0.57701 -0.68885 -0.11191 -0.83531 
-0.75182 -0.29068 -0.56222 -1.2918 0.87339 0.52154 -0.32078 1.472 0.47013 -1.4168 1.203 1.1932 -2.7663 -0.12312 -0.23837 -0.35347 1.6023 0.6714 0.39265 -0.53188 
1.4465 0.17246 0.22872 -0.30978 -3.8667 0.071263 0.15926 2.9892 0.42333 -2.2055 0.31696 2.6249 0.412 0.41164 -1.6127 -0.44665 -0.5415 -0.33215 -0.26812 0.74666 
-0.75913 -0.19453 0.52604 0.73855 -1.15 -1.9897 0.12473 2.6048 -5.0527 0.68003 -0.48566 1.0602 -0.035697 -3.6601 1.0406 0.87021 -0.49512 -0.72217 -0.76144 -1.3819 
0.66773 -1.2923 -0.072476 0.29638 -0.51377 1.2884 3.7284 3.0051 -0.68581 0.95012 -0.15686 2.3061 2.3335 -0.12738 -0.86377 0.54134 0.57321 -0.57212 0.39612 -0.69314 
-0.26735 -0.58279 -1.2672 0.40323 0.15152 -0.14356 2.528 0.44184 -1.4344 -1.24 -1.5081 -0.1423 1.0107 0.43779 -1.9706 -0.18535 1.1362 0.40648 1.5578 0.6221 
3.0773 4.3543 2.3313 -3.9051 -3.8309 6.5279 2.1627 -4.5518 -2.7033 2.889 -2.868 3.5276 3.1334 -4.2711 -3.7022 2.8717 2.0841 -0.4354 5.0415 -5.8387 -3.3076 2.1464 -2.0736 -1.0713 1.8422 -3.8019 -0.12946 -0.60001 -4.9749 -4.944 0.26154 -3.1288 -3.9202 -4.8039 1.8253 4.2395 -0.17388 0.53328 1.565 -0.89869 -1.9249 -0.82805 3.4954 -0.19072 -2.7541 -2.9713 -1.6276 -0.81011 4.7121 -1.9973 -3.772 1.2162 0.2387 -1.9371 -2.2783 -6.3822 -0.14283 4.7576 -2.113 1.4659 2.9078 3.7094 3.1925 3.5482 -2.2595 5.4219 -3.7519 3.472 -2.1621 -3.8228 -3.3343 -4.0973 4.6987 -1.1625 -3.1458 -1.4405 8.3176 3.3346 -2.9305 -4.8323 5.9364 -2.3312 2.897 -3.5851 -4.2368 1.3239 5.643 -2.5286 -2.1082 -4.3422 2.54 4.9055 4.4065 -2.8138 -2.0964 -4.1939 -1.1336 2.517 5.6352 -4.0442 
0 0 0 0 0 0 0 0 0 0 0 0 0 0 0 0 0 0 0 0 
3.1653 1.7621 -4.5726 1.7784 2.1763 1.6733 -2.5565 1.6139 -1.4839 1.697 1.6312 -2.161 -2.167 2.8844 3.6638 -1.4116 -1.341 -1.3144 -1.3304 1.844 1.1647 -5.5885 -1.3835 3.3167 2.8535 1.3433 0.9778 -1.2074 -2.0551 -1.1902 1.1506 2.2523 -0.42971 0.92044 -0.074143 -1.3376 0.6066 -6.1036 0.84187 -0.26913 -2.6256 -0.35268 0.17677 0.35584 -0.98439 -0.1329 2.4895 -0.03348 -0.48376 -0.1899 -1.0652 -0.084842 -0.38271 -0.022298 -0.05817 -0.16607 0.88042 0.44429 0.32933 -0.89435 0.37103 0.073336 -1.4157 -2.4599 0.61088 1.6439 1.2392 1.3323 1.6613 -0.24129 -0.82325 0.89339 2.3193 1.5159 0.9927 -1.4159 -1.3752 1.1258 1.7964 -1.9079 3.8772 1.62 1.9812 1.2781 -2.3712 1.4679 -1.3942 3.5704 -2.5444 -1.6902 0.0023349 -2.2027 1.8955 -3.898 -4.7388 -2.3101 -1.5705 -3.3938 3.8948 -1.8046 
-0.10217 
