30 40 1
4 4 4 4 4 4 4 4 4 4 4 4 4 4 4 4 4 4 4 4 4 4 4 4 4 4 4 4 4 4 
4 4 4 4 4 4 4 4 4 4 4 4 4 4 4 4 4 4 4 4 4 4 4 4 4 4 4 4 4 4 4 4 4 4 4 4 4 4 4 4 
4 
1.0 1.0 1.0 1.0 1.0 1.0 1.0 1.0 1.0 1.0 1.0 1.0 1.0 1.0 1.0 1.0 1.0 1.0 1.0 1.0 1.0 1.0 1.0 1.0 1.0 1.0 1.0 1.0 1.0 1.0 
1.0 1.0 1.0 1.0 1.0 1.0 1.0 1.0 1.0 1.0 1.0 1.0 1.0 1.0 1.0 1.0 1.0 1.0 1.0 1.0 1.0 1.0 1.0 1.0 1.0 1.0 1.0 1.0 1.0 1.0 
1.0 1.0 1.0 1.0 1.0 1.0 1.0 1.0 1.0 1.0 1.0 1.0 1.0 1.0 1.0 1.0 1.0 1.0 1.0 1.0 1.0 1.0 1.0 1.0 1.0 1.0 1.0 1.0 1.0 1.0 
1.0 1.0 1.0 1.0 1.0 1.0 1.0 1.0 1.0 1.0 1.0 1.0 1.0 1.0 1.0 1.0 1.0 1.0 1.0 1.0 1.0 1.0 1.0 1.0 1.0 1.0 1.0 1.0 1.0 1.0 
1.0 1.0 1.0 1.0 1.0 1.0 1.0 1.0 1.0 1.0 1.0 1.0 1.0 1.0 1.0 1.0 1.0 1.0 1.0 1.0 1.0 1.0 1.0 1.0 1.0 1.0 1.0 1.0 1.0 1.0 
1.0 1.0 1.0 1.0 1.0 1.0 1.0 1.0 1.0 1.0 1.0 1.0 1.0 1.0 1.0 1.0 1.0 1.0 1.0 1.0 1.0 1.0 1.0 1.0 1.0 1.0 1.0 1.0 1.0 1.0 
1.0 1.0 1.0 1.0 1.0 1.0 1.0 1.0 1.0 1.0 1.0 1.0 1.0 1.0 1.0 1.0 1.0 1.0 1.0 1.0 1.0 1.0 1.0 1.0 1.0 1.0 1.0 1.0 1.0 1.0 
1.0 1.0 1.0 1.0 1.0 1.0 1.0 1.0 1.0 1.0 1.0 1.0 1.0 1.0 1.0 1.0 1.0 1.0 1.0 1.0 1.0 1.0 1.0 1.0 1.0 1.0 1.0 1.0 1.0 1.0 
1.0 1.0 1.0 1.0 1.0 1.0 1.0 1.0 1.0 1.0 1.0 1.0 1.0 1.0 1.0 1.0 1.0 1.0 1.0 1.0 1.0 1.0 1.0 1.0 1.0 1.0 1.0 1.0 1.0 1.0 
1.0 1.0 1.0 1.0 1.0 1.0 1.0 1.0 1.0 1.0 1.0 1.0 1.0 1.0 1.0 1.0 1.0 1.0 1.0 1.0 1.0 1.0 1.0 1.0 1.0 1.0 1.0 1.0 1.0 1.0 
1.0 1.0 1.0 1.0 1.0 1.0 1.0 1.0 1.0 1.0 1.0 1.0 1.0 1.0 1.0 1.0 1.0 1.0 1.0 1.0 1.0 1.0 1.0 1.0 1.0 1.0 1.0 1.0 1.0 1.0 
1.0 1.0 1.0 1.0 1.0 1.0 1.0 1.0 1.0 1.0 1.0 1.0 1.0 1.0 1.0 1.0 1.0 1.0 1.0 1.0 1.0 1.0 1.0 1.0 1.0 1.0 1.0 1.0 1.0 1.0 
1.0 1.0 1.0 1.0 1.0 1.0 1.0 1.0 1.0 1.0 1.0 1.0 1.0 1.0 1.0 1.0 1.0 1.0 1.0 1.0 1.0 1.0 1.0 1.0 1.0 1.0 1.0 1.0 1.0 1.0 
1.0 1.0 1.0 1.0 1.0 1.0 1.0 1.0 1.0 1.0 1.0 1.0 1.0 1.0 1.0 1.0 1.0 1.0 1.0 1.0 1.0 1.0 1.0 1.0 1.0 1.0 1.0 1.0 1.0 1.0 
1.0 1.0 1.0 1.0 1.0 1.0 1.0 1.0 1.0 1.0 1.0 1.0 1.0 1.0 1.0 1.0 1.0 1.0 1.0 1.0 1.0 1.0 1.0 1.0 1.0 1.0 1.0 1.0 1.0 1.0 
1.0 1.0 1.0 1.0 1.0 1.0 1.0 1.0 1.0 1.0 1.0 1.0 1.0 1.0 1.0 1.0 1.0 1.0 1.0 1.0 1.0 1.0 1.0 1.0 1.0 1.0 1.0 1.0 1.0 1.0 
1.0 1.0 1.0 1.0 1.0 1.0 1.0 1.0 1.0 1.0 1.0 1.0 1.0 1.0 1.0 1.0 1.0 1.0 1.0 1.0 1.0 1.0 1.0 1.0 1.0 1.0 1.0 1.0 1.0 1.0 
1.0 1.0 1.0 1.0 1.0 1.0 1.0 1.0 1.0 1.0 1.0 1.0 1.0 1.0 1.0 1.0 1.0 1.0 1.0 1.0 1.0 1.0 1.0 1.0 1.0 1.0 1.0 1.0 1.0 1.0 
1.0 1.0 1.0 1.0 1.0 1.0 1.0 1.0 1.0 1.0 1.0 1.0 1.0 1.0 1.0 1.0 1.0 1.0 1.0 1.0 1.0 1.0 1.0 1.0 1.0 1.0 1.0 1.0 1.0 1.0 
1.0 1.0 1.0 1.0 1.0 1.0 1.0 1.0 1.0 1.0 1.0 1.0 1.0 1.0 1.0 1.0 1.0 1.0 1.0 1.0 1.0 1.0 1.0 1.0 1.0 1.0 1.0 1.0 1.0 1.0 
1.0 1.0 1.0 1.0 1.0 1.0 1.0 1.0 1.0 1.0 1.0 1.0 1.0 1.0 1.0 1.0 1.0 1.0 1.0 1.0 1.0 1.0 1.0 1.0 1.0 1.0 1.0 1.0 1.0 1.0 
1.0 1.0 1.0 1.0 1.0 1.0 1.0 1.0 1.0 1.0 1.0 1.0 1.0 1.0 1.0 1.0 1.0 1.0 1.0 1.0 1.0 1.0 1.0 1.0 1.0 1.0 1.0 1.0 1.0 1.0 
1.0 1.0 1.0 1.0 1.0 1.0 1.0 1.0 1.0 1.0 1.0 1.0 1.0 1.0 1.0 1.0 1.0 1.0 1.0 1.0 1.0 1.0 1.0 1.0 1.0 1.0 1.0 1.0 1.0 1.0 
1.0 1.0 1.0 1.0 1.0 1.0 1.0 1.0 1.0 1.0 1.0 1.0 1.0 1.0 1.0 1.0 1.0 1.0 1.0 1.0 1.0 1.0 1.0 1.0 1.0 1.0 1.0 1.0 1.0 1.0 
1.0 1.0 1.0 1.0 1.0 1.0 1.0 1.0 1.0 1.0 1.0 1.0 1.0 1.0 1.0 1.0 1.0 1.0 1.0 1.0 1.0 1.0 1.0 1.0 1.0 1.0 1.0 1.0 1.0 1.0 
1.0 1.0 1.0 1.0 1.0 1.0 1.0 1.0 1.0 1.0 1.0 1.0 1.0 1.0 1.0 1.0 1.0 1.0 1.0 1.0 1.0 1.0 1.0 1.0 1.0 1.0 1.0 1.0 1.0 1.0 
1.0 1.0 1.0 1.0 1.0 1.0 1.0 1.0 1.0 1.0 1.0 1.0 1.0 1.0 1.0 1.0 1.0 1.0 1.0 1.0 1.0 1.0 1.0 1.0 1.0 1.0 1.0 1.0 1.0 1.0 
1.0 1.0 1.0 1.0 1.0 1.0 1.0 1.0 1.0 1.0 1.0 1.0 1.0 1.0 1.0 1.0 1.0 1.0 1.0 1.0 1.0 1.0 1.0 1.0 1.0 1.0 1.0 1.0 1.0 1.0 
1.0 1.0 1.0 1.0 1.0 1.0 1.0 1.0 1.0 1.0 1.0 1.0 1.0 1.0 1.0 1.0 1.0 1.0 1.0 1.0 1.0 1.0 1.0 1.0 1.0 1.0 1.0 1.0 1.0 1.0 
1.0 1.0 1.0 1.0 1.0 1.0 1.0 1.0 1.0 1.0 1.0 1.0 1.0 1.0 1.0 1.0 1.0 1.0 1.0 1.0 1.0 1.0 1.0 1.0 1.0 1.0 1.0 1.0 1.0 1.0 
0.22252 -0.56278 -0.74578 -0.019428 -0.37769 0.76091 0.23489 0.36814 -0.018955 -0.36763 0.69495 0.16961 -0.16509 -0.54151 1.2404 0.26575 -0.66259 0.23197 1.1712 0.4038 0.10354 0.030785 0.54065 -0.20453 0.52775 0.89257 -0.25908 -0.17016 -1.019 -1.5282 
-0.95228 -0.86093 -0.80491 0.22828 0.31557 0.7547 1.3549 1.3106 -0.55408 -3.685 1.231 1.2503 -1.2448 1.5542 -0.82981 1.9789 -0.17632 1.1701 -3.6024 2.3503 -0.96956 -0.13644 1.1156 0.19982 0.44486 -0.0051223 -0.4259 0.21006 -0.49007 0.2124 
0.80638 0.10377 -0.41493 0.22044 -0.72968 -0.036523 -0.04312 -0.39122 -1.3803 -0.28429 -0.77966 2.0508 1.4112 1.8411 -0.22177 -3.3234 -0.02298 0.29964 0.2825 0.32452 -0.016491 -0.31267 0.42779 0.69015 0.38983 -0.36585 0.13767 0.47657 0.2975 -0.2499 
1.3357 -0.22316 0.77868 0.49936 -0.073239 0.932 0.17376 -0.003192 -0.22348 0.7688 0.45473 -1.8899 -0.81648 0.87968 0.50095 0.52031 0.088397 1.0309 0.29793 0.85316 0.3692 -0.10489 0.53566 -0.40695 -0.17241 0.82039 0.86495 0.7607 0.20177 -0.155 
-0.21193 1.1207 -0.030905 -0.39649 0.090844 -0.24797 1.0465 0.47509 0.019734 -0.23214 -0.51496 0.43725 0.076708 -1.5724 0.7607 0.12427 2.2275 0.072919 -0.56354 0.20647 -0.13991 0.04644 -0.15468 0.62336 0.1558 0.16125 0.068774 -0.056785 -0.92364 0.3137 
1.0299 2.2577 -2.9184 2.9923 0.22666 1.4847 0.25951 1.2264 1.8755 -2.3898 -0.42502 0.66516 0.642 0.59334 -4.5707 -0.66411 -3.2345 -0.18083 -4.7715 0.2202 5.6375 -5.7887 -2.9912 -0.32954 -0.56888 -0.94734 0.27267 -0.22927 -0.33455 1.7972 
1.1366 0.050978 -0.12577 0.66111 -0.075443 0.64639 2.4475 1.1252 1.1859 -0.19646 -0.13274 1.7103 -1.5596 1.1847 -1.4904 0.95835 1.3258 -0.42011 -2.4402 0.32233 1.1721 2.2877 1.8555 1.7399 -1.7874 -2.5208 -1.0674 0.42136 0.1525 0.74322 
-0.081164 -0.47003 0.17974 0.34586 0.017034 -0.58325 -1.0639 -0.81571 -0.5394 -0.39764 -0.43664 -0.24563 0.4153 0.62811 0.60717 1.3649 0.50893 0.12416 -0.89742 -0.39918 -0.16499 0.21698 -0.24115 -0.38948 -0.1225 -0.31956 0.35429 -2.2126 0.017369 -0.19324 
-2.7887 0.069546 -0.020279 0.65762 -0.83844 0.24618 0.29984 -0.69981 0.093473 0.23366 1.7583 -0.22096 -0.25075 -0.35205 2.3347 0.017027 -0.54879 1.6596 0.67192 4.9135 -0.072814 -0.374 -2.2252 0.36338 1.8676 0.48415 -0.84201 -0.23154 -0.74574 -0.21115 
0.19214 0.81423 0.050823 -1.3969 -1.8075 -0.029374 0.5286 -0.051863 1.4565 0.39247 -0.021219 -1.4175 -0.69966 -0.7141 2.0436 -1.6328 -0.39329 -0.20396 0.3892 0.64255 1.7898 0.11858 0.28455 0.40891 -0.1213 0.57752 0.14888 0.1944 0.097999 0.76766 
-1.1157 1.0246 0.44682 -0.12386 -0.29182 -1.1358 0.21913 2.2441 1.3554 0.98621 0.9837 3.1624 -2.713 2.2944 -0.26585 3.4139 2.3306 2.3194 1.6506 0.17504 0.89428 -2.6189 -1.0222 -0.036788 -0.17334 0.35623 -0.12476 -0.22858 0.41183 0.47175 
0.56933 -0.041055 0.52506 -0.04604 0.29007 -0.025111 -0.43574 -0.76224 -2.2497 -0.26221 -0.67351 -0.77282 1.0676 -1.1945 1.7036 2.1158 -1.256 -2.1505 -0.38658 0.056556 -1.8664 -0.98669 -0.11904 0.23206 0.80364 0.57793 0.56049 0.24744 0.61014 0.36064 
-6.6051 0.40414 4.167 7.4543 -1.8592 0.78784 2.8468 -0.67361 3.5853 0.67374 0.097424 -0.39941 -8.1847 -0.4638 -0.7757 0.55792 -1.2565 -0.29625 6.1586 -0.38673 -0.033293 -2.4678 0.50546 -1.7601 -9.0873 -0.72545 -4.5163 -0.28752 -1.0763 -2.5125 
-0.66705 1.3522 -0.95143 0.11868 -0.59611 1.7444 1.9507 -2.5708 0.18347 0.42874 1.1028 15.113 -0.28329 -2.4039 0.19732 -2.3395 -3.0659 -1.4053 -0.30795 0.17751 -3.4462 1.8445 -2.2512 0.62112 -0.18417 1.2109 -0.94506 0.57177 2.1816 -1.4483 
-2.3093 -1.7278 -1.2457 -3.8236 -3.3229 -3.4386 1.8505 1.2612 0.9325 2.0913 -0.68609 0.43423 -3.8668 -2.8357 -1.1873 -0.7414 1.007 1.4917 4.9777 0.56187 -3.3758 0.12422 3.673 2.9924 -0.93271 0.41955 1.1083 0.31475 -0.27903 -1.7209 
-0.1619 -2.7479 -0.69347 -0.18332 1.5449 0.4408 0.47129 0.80967 0.79677 0.0028637 2.7891 -0.19472 1.5933 1.1761 -1.2512 -4.527 -5.6963 -0.17944 -2.5786 -1.3696 -1.1546 -0.43714 -0.22869 -0.22203 0.3031 -0.33531 -0.22408 -0.27268 1.3372 1.8723 
0.59305 -0.18171 0.21275 -1.5679 0.05605 0.69231 0.68113 -0.57369 -0.34012 -0.22086 0.37425 0.12448 -0.93831 -0.871 0.095075 0.96052 1.2697 -0.43117 -0.025225 0.64743 0.60009 0.14778 0.22121 1.0611 0.4462 0.82347 -0.18439 -0.47117 -0.11282 -0.49832 
-1.8328 5.694 -0.46018 0.29142 8.9372 5.7867 6.3655 13.238 -0.97142 1.6587 6.0103 2.1051 5.1129 -16.302 -0.0028732 -0.37884 -0.37244 3.7198 -3.1933 -0.2439 -1.7544 -3.7448 -2.896 -1.2921 1.6637 -1.6995 2.8981 -1.0724 -2.3835 -5.2646 
-1.2407 0.14544 -0.50234 0.3194 -0.34287 0.83195 0.65283 0.8295 0.62782 -0.75475 -0.40183 0.32186 -1.138 0.82419 -0.26664 0.61001 0.19347 0.025432 0.37047 0.66572 -0.35693 3.7182 -0.46091 -1.5472 -0.27766 0.3642 0.75312 0.30502 -0.069434 -0.025384 
-18.568 -2.8234 -5.0856 -1.4679 2.6794 2.9119 -15.017 -4.7285 -4.3789 -5.0924 -4.1203 -1.2777 -9.1282 -0.77403 2.5302 -2.0963 -0.26727 0.87547 -1.4012 2.3846 -5.0758 -0.053484 -3.4154 -0.40535 2.9731 0.51007 -8.4837 0.042872 -0.67922 1.2143 
2.6241 2.645 0.131 0.92678 -0.77858 -0.019434 -0.060292 -0.74901 1.3784 -3.0713 0.10548 0.22266 0.01365 1.3481 -1.1857 -0.26877 -0.55875 5.7294 -0.070937 0.93196 -2.6305 6.6801 -1.5694 3.7088 3.3316 -1.0789 0.72052 0.066175 2.8308 5.6496 
-2.2406 -0.39582 -0.13141 3.2025 1.1279 -1.0969 -0.70037 0.18794 -1.3024 -0.69039 1.469 1.3102 -0.54164 1.6547 1.1905 1.9756 -0.30649 -0.35494 0.30969 0.56053 -0.37193 0.78136 0.19843 0.89841 1.3412 0.18784 -0.37688 -4.3266 -3.6547 -0.36434 
0.53445 -0.36993 -0.39167 -0.23911 0.060574 -0.26093 0.062322 0.42478 -0.34819 -0.91353 -0.0097701 0.36192 -1.0993 -0.68866 -0.83414 0.17781 -0.46116 1.0715 0.93469 -0.14908 0.62487 -0.6065 0.63375 -0.16321 -0.10674 -0.35268 0.17186 0.10057 0.38375 -0.96195 
0.86441 -3.2173 2.5766 1.6886 1.8911 3.553 6.1085 11.827 5.5079 -3.3257 -0.50871 -2.7906 10.094 -1.7181 0.88353 0.87015 -2.1785 -1.8537 2.8786 -6.1684 -2.5042 3.2504 -3.354 3.1657 -3.8079 2.0111 -2.1659 -5.8745 2.1745 -6.0878 
-0.22394 -0.49923 -0.094984 0.11147 -0.63788 -0.41321 0.28786 0.37038 1.355 1.0562 0.36241 -0.1088 -0.99795 2.4808 2.2142 -0.076298 -0.90925 -0.19555 0.25254 -0.022595 0.16456 0.31983 0.20636 -0.4859 0.46948 0.29017 -0.072648 -0.0025954 -0.31682 0.42747 
0.086271 -0.041374 -0.29121 0.075283 0.12489 -0.24716 0.47329 0.17497 -0.48833 -0.14523 -0.79297 0.44577 -0.59106 0.36761 0.12535 3.0116 -0.12129 -0.3894 -0.31653 -0.24728 -1.443 0.4517 -0.50463 0.083876 -0.025896 0.4512 0.76578 -0.26205 0.15919 0.15166 
-2.1836 0.0024807 0.42733 0.43826 -0.39671 0.37636 -0.32944 0.21539 0.20041 -2.4191 -0.91289 0.019408 -1.774 -2.3159 3.0257 1.5493 -17.007 -5.1048 3.2338 -1.0962 0.37257 -0.099293 -0.42228 -0.57994 0.31043 1.3757 0.10209 -3.3045 0.17157 -0.53235 
0.47986 -0.058761 -0.061083 3.2999 -0.38454 -1.1715 0.46785 0.098055 -0.088496 0.0078597 -0.70267 -1.9381 -0.14601 0.36176 0.17645 -0.20331 -0.67586 -0.50765 0.70936 -0.21172 -1.3401 0.078302 0.036555 -0.048319 3.1647 0.74696 0.58825 0.62137 -0.58942 -4.3572 
0.53907 2.9864 0.34859 0.071055 0.0445 -1.3739 -5.1941 -6.0752 -0.51331 -1.0369 2.3721 -0.76721 -1.1373 0.051471 0.76631 2.2232 -1.194 2.2347 1.9402 1.4687 -0.15936 -0.048017 0.63956 -1.2845 0.096506 1.3961 1.7019 2.7014 2.0355 -1.416 
-0.50374 -1.0769 -1.0739 -0.85264 -0.17022 0.071767 0.81483 -0.10474 0.34862 0.56846 0.49741 2.1212 1.7632 3.6664 0.28442 -1.8395 1.626 -1.1559 0.65789 2.7042 2.9919 -0.41879 -0.68295 0.71179 -0.41578 -0.22164 0.51206 0.26995 0.53324 -0.34556 
0.19168 -0.50934 0.48177 0.015628 0.52141 -0.32902 0.19597 0.033538 -0.33441 0.81075 0.92827 -0.10086 -0.87738 0.47881 0.2371 0.13429 0.76025 1.2532 0.052327 -0.049391 1.0627 -0.12375 0.081062 -0.85902 -1.1238 -0.0014326 0.13291 0.21508 0.39315 -0.40334 
0.49657 -0.64203 0.41157 -0.39712 -1.319 -1.9548 0.10664 0.66237 1.9521 2.1764 -0.19572 -2.1535 -1.115 0.99019 1.0242 0.67196 0.5889 0.16757 0.89382 -1.6906 0.99548 2.5018 -0.38252 1.0045 0.64846 0.20914 -2.0385 0.20804 -0.048556 0.7758 
0.45888 0.81319 0.88695 0.40098 -0.097548 -1.692 0.17537 -0.13747 0.27137 0.038761 1.5062 1.1552 -0.21767 0.054346 -0.70703 -0.46635 -0.46271 -0.45103 -0.17842 0.12625 0.39147 -0.86612 0.21234 -0.0026391 -0.14737 0.10101 -0.17421 -0.39297 0.17777 0.54755 
0.87996 0.72608 0.096136 0.092297 -0.058475 0.073294 -0.099649 -1.3499 -1.0768 -0.13702 -0.53396 -0.5472 1.6257 2.3185 0.64108 2.8891 1.6007 -2.1641 -0.5256 0.83922 0.4578 0.20233 0.77942 1.6787 -0.2314 1.2878 -0.10451 -1.1986 -1.9076 0.73052 
-0.42443 -0.035321 -0.9072 0.18798 -1.3678 0.25611 -0.27748 -0.76785 -1.7252 -0.34033 0.68139 -0.56256 0.29764 5.3497 -0.12352 -0.24568 -1.5356 -3.1204 -0.40338 0.37086 1.8242 0.91696 1.2368 0.43086 1.549 -2.2161 -1.448 5.0698 0.29776 0.19488 
0.6367 -0.808 -0.14283 -0.75535 -1.9741 -1.1187 -0.047966 0.031806 -0.70079 2.7545 0.30379 1.2537 -0.53112 0.018953 2.2339 -0.94349 1.741 1.5635 1.3342 -0.66061 0.22445 -0.45052 -0.31719 -1.5309 -0.50836 0.33715 0.18498 -0.11127 -0.11032 -0.12827 
-1.3526 -0.45331 0.084575 -0.10972 0.13836 3.386 0.32997 0.2678 -1.0293 2.5008 1.0189 0.24496 -1.43 -0.29572 0.059715 0.52168 -1.0838 0.28154 -3.0884 -0.8164 0.080325 -0.032801 -0.55078 0.1692 -0.40451 0.7446 1.348 0.90238 4.2665 0.16124 
-0.62217 -0.64355 -1.8583 -0.47891 0.30227 -0.26486 -0.080641 0.08294 0.21275 -1.5307 -2.9332 0.25833 0.1512 -0.40012 -2.9374 -0.21876 -0.096035 1.296 -0.21779 -0.60569 -0.98791 -0.91871 -0.95614 -0.19457 -0.67988 -0.3032 -0.60766 0.25447 0.076402 -0.15138 
0.36534 0.009337 0.026096 0.22237 -0.68381 -0.16672 -0.42389 0.40033 -0.22145 1.2714 -0.37178 0.25905 1.1528 -0.069324 -0.70556 -0.19822 0.092489 -0.75985 -1.1906 -0.16409 -0.039494 0.46536 0.21528 0.38674 -0.42732 -0.14906 0.18127 -0.61112 -0.45439 0.33629 
-0.30229 -0.44088 -0.23529 -0.27892 0.63366 1.6006 0.53239 -1.1104 -0.98979 -0.21324 0.50043 0.23863 1.3649 -0.031754 0.24209 -2.7121 1.0539 0.1984 0.88918 0.79154 1.6898 0.4512 -0.44809 -0.34696 -0.23826 -0.44687 -0.58746 -0.41852 -0.37313 -0.40457 
-9.1446 -5.6991 2.2908 -4.3469 -5.2211 -5.4418 4.5994 -4.5578 3.3796 5.5265 5.4929 5.2311 -4.1567 3.2369 -3.964 5.6707 4.9489 2.5258 5.1873 -1.7842 -3.116 4.0323 4.2159 4.1138 2.3433 -2.7143 -5.2009 4.2388 5.5273 -3.8486 5.6097 -4.2151 -3.6653 3.5622 -2.029 -3.9566 -3.1404 6.0898 3.9845 -4.5285 
0 0 0 0 0 0 0 0 0 0 0 0 0 0 0 0 0 0 0 0 0 0 0 0 0 0 0 0 0 0 
-2.066 2.5404 -1.5483 -1.5013 1.4355 -1.2495 -2.2097 -0.53702 0.54946 -1.4505 -0.90316 -0.78314 -2.1534 -2.0942 4.2731 -2.9401 -0.39716 3.1077 0.20514 3.6313 2.8952 0.18947 1.2581 0.55779 -0.73214 0.2529 -2.4296 0.051025 1.5333 2.2887 1.1483 1.4505 1.1694 1.2982 4.2376 3.6398 -1.1981 -2.5065 1.9781 2.1537 
-0.15323 
